#Position (bp)	Coverage
3410279.0	1.2241985515259237
1.0230836E7	2.8591154652032085
1.7051393E7	1.8029583214391434
2.387195E7	11.11124326063106
3.0692507E7	0.8453359454367143
3.7513064E7	5.472701862912369
4.4333621E7	1.1762385388759304
5.1154178E7	2.2231319230966036
5.7974735E7	3.514508125949244
6.4795292E7	5.750785016531641
7.1615849E7	2.476439094343761
7.8436406E7	2.620447274320851
8.5256963E7	5.300994772127848
9.207752E7	4.993630725467143
9.8898077E7	1.2691698053399452
1.05718634E8	0.9718003969470529
1.12539191E8	0.39389041100308964
1.19359748E8	1.3300120503354784
1.26180305E8	6.149881014116589
1.33000862E8	4.9539068436786025
1.39821419E8	0.6013027968243649
1.46641976E8	0.5121962912999627
1.53462533E8	6.113837916756652
1.6028309E8	6.827298562272847
1.67103647E8	6.912856970479098
1.73924204E8	5.628721232004952
1.80744761E8	5.106532208439868
1.87565318E8	1.9412454144141014
1.93064938E8	3.296447947834282
1.964752165E8	0.0
2.01206432E8	2.7380982227697825
2.08026989E8	3.049555190287245
2.14847546E8	2.450662460558573
2.21668103E8	2.7616420477095933
2.2848866E8	1.80068431361251
2.35309217E8	3.4953145322295525
2.42129774E8	1.4366241642728006
2.48950331E8	1.4368892452625204
2.55770888E8	5.083844765170938
2.62591445E8	3.531499406866624
2.69412002E8	3.9141266615028654
2.76232559E8	5.730248130761168
2.83053116E8	4.776938745618576
2.89873673E8	1.709948762249183
2.9669423E8	1.348449107602209
3.03514787E8	20.925809724924225
3.10335344E8	2.381562825440796
3.17155901E8	2.204178632331641
3.231256605E8	8.272308917315659
3.26535939E8	0.0
3.30797015E8	7.290080707484741
3.37617572E8	0.7587736602743735
3.44438129E8	3.7535060552972435
3.51258686E8	1.5651352228271094
3.58079243E8	7.750134189920266
3.648998E8	3.6458060536698103
3.71720357E8	3.5589206277434524
3.78540914E8	6.462049653715964
3.85361471E8	7.909991661971302
3.92182028E8	4.975131356573957
3.99002585E8	10.503480874069377
4.05823142E8	5.272260901858895
4.12643699E8	7.869129749960304
4.19464256E8	5.953098551921786
4.26284813E8	10.963618513854513
4.3310537E8	5.91657836742659
4.39925927E8	3.7881033763078293
4.45497358E8	10.547478023878464
4.489076365E8	0.0
4.53567041E8	3.8210967227456645
4.60387598E8	4.326227315452389
4.67208155E8	2.0161110009050582
4.74028712E8	2.123317641066558
4.80849269E8	3.26181981911448
4.87669826E8	3.1451160073876663
4.94490383E8	2.831680902307539
5.0131094E8	3.8711715186897493
5.08131497E8	1.0001076158442779
5.14952054E8	2.468099599490188
5.21772611E8	6.096755294325669
5.28593168E8	6.521063309052325
5.35413725E8	6.647685518939289
5.42234282E8	0.49546877183197796
5.49054839E8	5.591928928971637
5.55875396E8	8.486923282072125
5.62695953E8	10.7367918778481
5.669287495E8	0.7506802282746395
5.70339028E8	0.3857381701281861
5.76337067E8	3.8249521263439337
5.83157624E8	1.6720536167354074
5.89978181E8	4.2716430637556435
5.96798738E8	0.788708312239015
6.03619295E8	2.162695803289966
6.10439852E8	5.7182545355166745
6.17260409E8	3.5736069649443585
6.24080966E8	10.800479784862146
6.30901523E8	1.5275572068380925
6.3772208E8	2.737476132814373
6.44542637E8	2.8313576149279305
6.51363194E8	2.753778027219771
6.58183751E8	4.760293624113104
6.65004308E8	4.2639683239946535
6.71824865E8	2.6014315253138416
6.78645422E8	3.8808326064865377
6.853450715E8	2.0617502555959786
6.8875535E8	0.0
6.92286536E8	2.6836453386431636
6.99107093E8	4.10652531750706
7.0592765E8	2.3851804185493943
7.12748207E8	6.054015236585516
7.19568764E8	5.994895284945203
7.26389321E8	4.783690540230072
7.33209878E8	1.4820975764882545
7.40030435E8	1.5893998100155162
7.46850992E8	3.4946999196693174
7.53671549E8	4.828976870950569
7.60492106E8	3.181748646041665
7.67312663E8	2.5855106848311658
7.7413322E8	0.4408088664899362
7.80953777E8	0.8119266505653424
7.87774334E8	0.7437930655810076
7.94594891E8	1.610399267977674
8.01415448E8	1.083341140613589
8.08236005E8	3.534089371293283
8.12710191E8	3.536414584914572
8.161204695E8	2.103842060782374
8.21877119E8	2.4807569235181233
8.28697676E8	1.8372040582609308
8.35518233E8	0.9559799881446632
8.4233879E8	8.237824124921175
8.49159347E8	8.029673529595897
8.55979904E8	4.859785645072683
8.62800461E8	0.8990113270807648
8.69621018E8	2.2266256260302493
8.76441575E8	2.4127948787760296
8.83262132E8	3.8132894424898143
8.90082689E8	5.678838546470618
8.96903246E8	8.522893071636231
9.03723803E8	5.994713041764771
9.1054436E8	10.67905524431509
9.15901344E8	4.629413129001793
9.193116225E8	0.0
9.24185474E8	11.804073039782528
9.31006031E8	5.297457964210254
9.37826588E8	6.388575449189854
9.44647145E8	4.998171410340827
9.51467702E8	6.975454057491199
9.58288259E8	7.831612579441826
9.65108816E8	2.3961446257248493
9.71929373E8	1.9498856178461672
9.7874993E8	0.8610154566555195
9.85570487E8	2.0211793552931234
9.92391044E8	1.1650201002645386
9.99211601E8	3.2165224922246085
1.006032158E9	12.426406670305665
1.012649727E9	5.372275445582494
1.0160600055E9	0.0
1.019673272E9	2.6820586647102282
1.026493829E9	3.432662317754987
1.033314386E9	1.4192393671074077
1.040134943E9	5.109821236007558
1.0469555E9	6.789388608584313
1.053776057E9	3.5944929424385723
1.060596614E9	3.522516122950076
1.067417171E9	1.7933453235564192
1.074237728E9	2.2179751595067674
1.081058285E9	4.208369639019218
1.087878842E9	7.7130281295208
1.094699399E9	2.171449927036751
1.101519956E9	8.11886844432207
1.1080409755E9	6.574681241543414
1.111451254E9	0.0
1.11516107E9	1.1366342954101842
1.121981627E9	3.737174984389105
1.128802184E9	1.2413643049973777
1.135622741E9	8.942041976923585
1.142443298E9	4.731403901470217
1.149263855E9	8.031450657182397
1.156084412E9	4.808218742252282
1.162904969E9	1.0356545660420402
1.169725526E9	9.689015427918864
1.176546083E9	4.450421424525885
1.18336664E9	2.7632977775862
1.190187197E9	2.428245816287438
1.197007754E9	2.8871615617316886
1.201145256E9	3.7100636874358432
1.2045555345E9	3.7086220744636247
1.210648868E9	9.125693839960578
1.217469425E9	2.1722118882666033
1.224289982E9	2.281155336726898
1.231110539E9	3.130592560109094
1.237931096E9	1.9550670128554017
1.244751653E9	4.8712704842141195
1.25157221E9	2.9920978594563463
1.258392767E9	4.891639788363325
1.2625477645E9	2.779483939579895
1.265958043E9	1.3192014659586477
1.272033881E9	4.289363464010344
1.278854438E9	2.4687137722036483
1.285674995E9	6.653385493296222
1.292495552E9	9.799833503334112
1.299316109E9	7.256503097914144
1.306136666E9	1.7541385549596609
1.312957223E9	4.812607973219783
1.31977778E9	3.039278317005488
1.326598337E9	4.6789744591240865
1.333418894E9	11.126453895187739
1.340239451E9	4.357011164923921
1.347060008E9	1.9220474222266597
1.353880565E9	4.43715696533289
1.360701122E9	1.5030521700793644
1.367521679E9	7.493985755122345
1.374342236E9	3.641525758086913
1.381162793E9	5.4746857184831095
1.38798335E9	2.662644267909498
1.394803907E9	6.123891787723496
1.401624464E9	13.124775293278834
1.408445021E9	7.864343777201774
1.415265578E9	6.309706084121869
1.422086135E9	7.829216734058523
1.428906692E9	6.080201074487025
1.435727249E9	3.0504323913721416
1.442092514E9	5.200630019798737
1.4455027925E9	0.0
1.449368363E9	0.48484397975121385
1.45618892E9	3.047880986846089
1.463009477E9	0.6385273226218915
1.469830034E9	1.6903606259723363
1.476650591E9	3.9690443170550442
1.483471148E9	1.4725633111782512
1.490291705E9	0.4916187930106002
1.497112262E9	3.617818163531219
1.503932819E9	3.3256653378895593
1.510753376E9	2.658440212434263
1.517573933E9	1.4927854132734322
1.52439449E9	4.191299185682342
1.531215047E9	4.546734086380336
1.538035604E9	3.0848649164577027
1.544856161E9	2.7945072521203183
1.551676718E9	4.044129093855531
1.558497275E9	0.6615619516118698
1.565317832E9	1.7896517835713417
1.572138389E9	5.597557061688657
1.578958946E9	7.704177825945886
1.585779503E9	3.1383001417626155
1.59260006E9	2.6254987679158757
1.599420617E9	7.984294537821471
1.603811856E9	3.0491569232400284
1.6072221345E9	0.3416497963626005
1.613061731E9	2.46581547518773
1.619882288E9	1.5685394902498433
1.626702845E9	0.8087002278552909
1.633523402E9	0.48656422048815073
1.640343959E9	1.2577796798707201
1.647164516E9	5.432538720811218
1.653985073E9	4.309106279736391
1.66080563E9	2.7026654861179225
1.667626187E9	1.003898508582217
1.674446744E9	1.1719627883763746
1.681267301E9	4.449801093957576
1.688087858E9	2.051527756457427
1.694908415E9	2.3017715415324584
1.701728972E9	1.2111414067795343
1.708549529E9	6.2016800094185855
1.715370086E9	4.775140945233652
1.722190643E9	4.844166832708824
1.7290112E9	5.269218774947559
1.735831757E9	5.4225660748821545
1.742652314E9	6.812992252685521
1.749472871E9	1.3234621453936972
1.756293428E9	8.818937075080525
1.7606786045E9	11.482740758520379
1.764088883E9	0.9340733409009393
1.769934542E9	5.169985970354034
1.776755099E9	2.7511550742849886
1.783575656E9	5.803656504886624
1.790396213E9	6.00952693453042
1.79721677E9	6.952851358034248
1.804037327E9	2.068277268264161
1.810857884E9	1.2029727190902444
1.817678441E9	1.501831155432027
1.824498998E9	1.5885748040812502
1.831319555E9	4.747028285226558
1.838140112E9	2.4315849863874752
1.844960669E9	2.2306591675723846
1.851781226E9	3.5172253527094637
1.858601783E9	0.9208935575203022
1.86542234E9	9.340422050574462
1.872242897E9	5.250886694444457
1.879063454E9	4.867720334277684
1.885884011E9	7.923982601420969
1.892704568E9	5.182057271862107
1.899525125E9	11.173723934863384
1.906345682E9	4.08504847917846
1.911583806E9	2.8515353184938226
1.9149940845E9	0.003273756298054957
1.919986796E9	5.634814575994307
1.926807353E9	0.7147760806045605
1.93362791E9	3.710856752608328
1.940448467E9	3.366377115534699
1.947269024E9	6.658793702625753
1.954089581E9	3.421585216573954
1.960910138E9	3.8461209253144575
1.967730695E9	3.4332898324872883
1.974551252E9	4.294602772178284
1.981371809E9	0.6164198906335655
1.988192366E9	8.798464700170381
1.995012923E9	1.5316530600066827
2.00183348E9	8.2287552174991
2.008654037E9	2.97719057255881
2.015474594E9	1.743666389709814
2.022295151E9	7.127013673516694
2.029115708E9	8.843455160626911
2.035936265E9	5.247634907237048
2.042756822E9	1.4524193551934248
2.049577379E9	2.641286481441325
2.056397936E9	2.499992742528213
2.061403955E9	2.9542416201130446
2.0648142335E9	1.7162145405607379
2.07003905E9	2.588726697834209
2.076859607E9	2.7921355983096396
2.083680164E9	1.758659886575246
2.090500721E9	8.395467994769342
2.097321278E9	2.003405147116284
2.104141835E9	1.1399390108461815
2.110962392E9	5.500611167093831
2.117782949E9	4.907493772136205
2.124603506E9	6.794997681274418
2.131424063E9	1.3150472901260117
2.13824462E9	3.0495758630856686
2.145065177E9	3.710017524961671
2.151885734E9	11.738286917036248
2.158706291E9	3.2378921545557056
2.165526848E9	5.653510703011499
2.172347405E9	4.788436340316487
2.179167962E9	2.8965518505306824
2.185988519E9	8.328378166182029
2.192809076E9	3.6546984359195296
2.199629633E9	2.3574581958628893
2.2055174015E9	7.776295968904011
2.20892768E9	0.0
2.213270747E9	0.7505236009317128
2.220091304E9	4.166902057999075
2.226911861E9	3.8800279801195123
2.233732418E9	2.2827651759233154
2.240552975E9	1.098748533294275
2.247373532E9	2.8627544641881886
2.254194089E9	2.031061392786542
2.261014646E9	4.0421417195105915
2.267835203E9	1.242317892805529
2.27465576E9	11.482187745077125
2.281476317E9	5.954860138255571
2.288296874E9	1.3468014415831435
2.295117431E9	6.115213757468782
2.301937988E9	8.956010924034503
2.308758545E9	0.9146842405979453
2.315579102E9	2.719071917440174
2.322399659E9	3.4300157597099474
2.329220216E9	8.645650641142652
2.33537654E9	2.5713588868065003
2.3387868185E9	0.0
2.34286133E9	1.6938132765403178
2.349681887E9	0.8674822305568299
2.356502444E9	1.921374603276536
2.363323001E9	2.8392087332456866
2.370143558E9	5.547985010608371
2.376964115E9	3.3398067049362683
2.383784672E9	6.161975187656961
2.390605229E9	5.077229323059686
2.397425786E9	7.038182658689019
2.404246343E9	4.569190610092401
2.4110669E9	5.591792723086986
2.417887457E9	2.187532484517027
2.424708014E9	3.969600576609799
2.431528571E9	1.034707429319922
2.438349128E9	4.558015569696141
2.445169685E9	8.389856722845362
2.451990242E9	3.9138848923922196
2.458810799E9	3.876731768387831
2.4623516815E9	0.40169520075954795
2.462490435E9	3709.4008834897845
2.4657701095E9	0.07931453985526628
2.472451913E9	6.037837818817437
2.47927247E9	0.8575733624101375
2.486093027E9	1.9063872642659536
2.492913584E9	0.02634403612490886
2.499734141E9	1.966654336295408
2.506554698E9	1.4744443892192383
2.513375255E9	1.3414416153988598
2.520195812E9	1.337476250106846
2.527016369E9	0.19469802832818492
2.533836926E9	3.6898504037133626
2.540657483E9	0.5598724561645039
2.54747804E9	1.2202129532822612
2.554298597E9	1.7890821819977458
2.561119154E9	1.8012448250194228
2.567939711E9	1.7007089010472312
2.574760268E9	0.21027534847960364
2.581580825E9	0.3631429221982897
2.588401382E9	0.2683170890588555
2.595221939E9	1.9913614093394425
2.602042496E9	0.9448058274419523
2.608863053E9	0.5401667341831466
2.61568361E9	2.0055832683459722
2.622504167E9	4.145399268710752
2.628944811E9	2.983853267864883
2.6323550895E9	0.004507610953033984
2.636145281E9	0.17038476476334705
2.642965838E9	0.022822622844439245
2.649786395E9	0.01250982874272585
2.656606952E9	0.007576800545761878
2.663427509E9	0.006847241361665916
2.670248066E9	0.026869946252190254
2.677068623E9	0.014140487353158987
2.68388918E9	0.018332666965469244
2.690709737E9	0.019152541354027244
2.697530294E9	0.04120455264870596
2.704350851E9	0.012354562831158804
2.711171408E9	0.023158079318155392
2.717991965E9	0.015282476196592155
2.7224166935E9	1.5860702843905565
2.7239076495E9	0.008094336692507545
2.724663707E9	0.6989803309944679
2.725073196E9	0.002278018278018278
2.725324001E9	0.07248019525513476
2.725548349E9	0.15229439362971767
2.7257547175E9	0.05191567529741078
2.7259572895E9	0.04866377753701697
2.72615497E9	0.008796232518508314
2.726345061E9	0.028888804434575355
2.726528329E9	0.018733513575764887
2.7267074865E9	0.09914302600472813
2.726880333E9	0.2808366475180439
2.727044245E9	0.004269476720282861
2.7272012135E9	4.29933649045804E-4
2.7273559415E9	0.44055384134671716
2.7274899765E9	0.9694020200608116
2.727583395E9	0.25492850728742145
2.727643124E9	0.05094215367620504
2.727687689E9	0.0124830587060418
2.7277287455E9	0.003744757339724386
2.727768103E9	0.003880079670969244
2.7278050525E9	0.010641316685584563
2.7278385245E9	0.018925056775170326
2.7278701775E9	0.18929181697360928
2.727901543E9	26.20957949179222
2.7279314935E9	0.0
2.7279602115E9	0.028746860173039353
2.7279879255E9	0.08432969660738306
2.728014243E9	0.0
2.728039521E9	0.0030382823577071094
2.7280641975E9	0.0
2.728088693E9	0.0
2.728112669E9	0.003174065766642685
2.7281360625E9	1.5709474047845238
2.7281591285E9	0.006485592408809959
2.7281812355E9	0.01765536723163842
2.7282019595E9	0.033402612826603326
2.7282162695E9	2.9573228720874942
2.7282214635E9	12.279858299595142
