#Position (bp)	mapping quality
3410279.0	3.3238770022431625
1.0230836E7	3.1170401066657063
1.7051393E7	3.97960094308342
2.387195E7	2.6332226044407316
3.0692507E7	3.459216102961324
3.7513064E7	6.267448649432114
4.4333621E7	5.0018191174211015
5.1154178E7	3.8615504937634624
5.7974735E7	6.9622733273118875
6.4795292E7	5.637180045948244
7.1615849E7	5.991176758856417
7.8436406E7	9.896274901844468
8.5256963E7	5.952659833491341
9.207752E7	5.6856571739345005
9.8898077E7	3.117984891993666
1.05718634E8	5.538431738331014
1.12539191E8	5.412468983215556
1.19359748E8	5.482492847183896
1.26180305E8	2.8615393005084147
1.33000862E8	9.884113413044435
1.39821419E8	4.7194055138399005
1.46641976E8	7.511635642213748
1.53462533E8	5.809421561142641
1.6028309E8	3.1558687006357773
1.67103647E8	4.688306596654002
1.73924204E8	7.008068484156237
1.80744761E8	6.810942883543858
1.87565318E8	5.1662061009648514
1.93064938E8	6.778182485625753
1.964752165E8	0.0
2.01206432E8	5.796424222327484
2.08026989E8	2.931071569177855
2.14847546E8	3.71126898480978
2.21668103E8	4.31447683224963
2.2848866E8	4.256073349031905
2.35309217E8	5.380792243836208
2.42129774E8	2.01701036819376
2.48950331E8	4.223608534078407
2.55770888E8	9.065751626767879
2.62591445E8	5.1338377736744425
2.69412002E8	7.544825177857949
2.76232559E8	15.255527601832016
2.83053116E8	3.2344528537676784
2.89873673E8	5.099597305908084
2.9669423E8	5.729410094771138
3.03514787E8	1.3253609428807382
3.10335344E8	6.8256667566809055
3.17155901E8	5.711562973366017
3.231256605E8	13.568355192147044
3.26535939E8	0.0
3.30797015E8	6.364511933844926
3.37617572E8	3.500770891271947
3.44438129E8	5.4938842238230725
3.51258686E8	6.0957493945759404
3.58079243E8	4.967877024688561
3.648998E8	3.585582784663864
3.71720357E8	4.577065508892827
3.78540914E8	7.90200963686773
3.85361471E8	7.063951012816968
3.92182028E8	12.514225627779963
3.99002585E8	6.5910990546341575
4.05823142E8	9.997922244079646
4.12643699E8	5.48819452683836
4.19464256E8	8.769917026049129
4.26284813E8	9.26096293932286
4.3310537E8	7.702961347013671
4.39925927E8	9.194352984606319
4.45497358E8	6.186494617413436
4.489076365E8	0.0
4.53567041E8	5.20421922518733
4.60387598E8	3.0506209007191836
4.67208155E8	4.476652447194475
4.74028712E8	4.304800734645973
4.80849269E8	3.914047246906555
4.87669826E8	1.0392339011113119
4.94490383E8	3.35852901561455
5.0131094E8	3.7459370415381597
5.08131497E8	4.459011547140659
5.14952054E8	5.702909700590806
5.21772611E8	4.040809767102401
5.28593168E8	4.179023558866803
5.35413725E8	3.5576217093780325
5.42234282E8	9.495886138455873
5.49054839E8	8.537517630763142
5.55875396E8	8.158928750793532
5.62695953E8	4.067612818364506
5.669287495E8	5.525235262637453
5.70339028E8	10.372612572373377
5.76337067E8	3.247230190237214
5.83157624E8	4.810244166135424
5.89978181E8	4.380749936601261
5.96798738E8	3.7908086779093444
6.03619295E8	4.573502919433472
6.10439852E8	2.44964962755803
6.17260409E8	7.52567757516894
6.24080966E8	6.1835858199944544
6.30901523E8	6.18876480596421
6.3772208E8	3.710051234428752
6.44542637E8	4.488799701244371
6.51363194E8	4.683674719765476
6.58183751E8	2.255993696175278
6.65004308E8	5.702536234180124
6.71824865E8	5.28356760948418
6.78645422E8	5.1474309805381955
6.853450715E8	2.2822567265739306
6.8875535E8	0.0
6.92286536E8	1.9745679070770852
6.99107093E8	1.700373188458841
7.0592765E8	6.376766518972635
7.12748207E8	5.1069163837449985
7.19568764E8	2.8387112080042174
7.26389321E8	2.0212911251091508
7.33209878E8	5.257546815306569
7.40030435E8	10.130670961776808
7.46850992E8	11.905331096177749
7.53671549E8	8.477179125246051
7.60492106E8	7.2285062786301575
7.67312663E8	4.6708350530637155
7.7413322E8	3.454171622064791
7.80953777E8	5.147927469232211
7.87774334E8	3.975977146784623
7.94594891E8	7.0964572008470315
8.01415448E8	0.9935308721342753
8.08236005E8	3.6877297560986566
8.12710191E8	3.4876281262299087
8.161204695E8	4.091168334425981
8.21877119E8	5.236085345121757
8.28697676E8	4.333981492246788
8.35518233E8	2.355925379143739
8.4233879E8	2.3842160020708967
8.49159347E8	5.493546087498234
8.55979904E8	3.0992564442717265
8.62800461E8	2.4608159916430004
8.69621018E8	5.485677034107642
8.76441575E8	2.7720556290775913
8.83262132E8	3.612286467946211
8.90082689E8	12.535712005496844
8.96903246E8	7.255314367013677
9.03723803E8	5.129619726212963
9.1054436E8	7.944631114204477
9.15901344E8	8.879422312736441
9.193116225E8	0.0
9.24185474E8	3.112202561800533
9.31006031E8	4.669221455272448
9.37826588E8	9.921575414132393
9.44647145E8	2.1755519380587267
9.51467702E8	3.983279569752286
9.58288259E8	1.547939783396583
9.65108816E8	6.239644424191081
9.71929373E8	4.003177965869971
9.7874993E8	5.362294366015343
9.85570487E8	2.8018062919971896
9.92391044E8	1.8566281625622816
9.99211601E8	3.5363128036201132
1.006032158E9	2.135179226798423
1.012649727E9	3.4872922591191546
1.0160600055E9	0.0
1.019673272E9	4.345698729263339
1.026493829E9	3.5751891405170637
1.033314386E9	6.531290798835785
1.040134943E9	13.752408769302495
1.0469555E9	6.429158724586597
1.053776057E9	26.536164562187718
1.060596614E9	7.635975101718708
1.067417171E9	3.8227178836551543
1.074237728E9	12.086859210265885
1.081058285E9	3.4746804688965063
1.087878842E9	3.665727634636903
1.094699399E9	6.5384371388220535
1.101519956E9	4.0703708517618775
1.1080409755E9	0.9993397575152262
1.111451254E9	0.0
1.11516107E9	7.211498199262372
1.121981627E9	4.2849326388816795
1.128802184E9	3.9698168169350603
1.135622741E9	1.8748472391811137
1.142443298E9	3.126272508817286
1.149263855E9	6.002866744241329
1.156084412E9	3.0871697773838105
1.162904969E9	4.630817566768196
1.169725526E9	5.973606868298682
1.176546083E9	4.93363331711473
1.18336664E9	4.567349518485861
1.190187197E9	6.710998188939182
1.197007754E9	3.9412985747766878
1.201145256E9	2.449978856695085
1.2045555345E9	14.32974297015204
1.210648868E9	12.423719941399451
1.217469425E9	5.30685388714367
1.224289982E9	4.292947272254932
1.231110539E9	5.248815244337768
1.237931096E9	5.790393009315221
1.244751653E9	9.871614511437137
1.25157221E9	5.024270876633414
1.258392767E9	6.296795936170854
1.2625477645E9	10.753780698361131
1.265958043E9	6.5286936683284145
1.272033881E9	2.810871452341591
1.278854438E9	2.880978224529343
1.285674995E9	6.67705131708656
1.292495552E9	9.536256588386934
1.299316109E9	4.3951567377708765
1.306136666E9	2.365595227896785
1.312957223E9	3.920491677480357
1.31977778E9	2.9771541032417903
1.326598337E9	3.4271978745336305
1.333418894E9	2.66799249410363
1.340239451E9	4.014409895363302
1.347060008E9	6.8502545351818185
1.353880565E9	7.924105570224733
1.360701122E9	2.8019689833904518
1.367521679E9	5.8651761162561575
1.374342236E9	2.4646584879879243
1.381162793E9	7.180291632318799
1.38798335E9	7.716682794229289
1.394803907E9	8.261669249251492
1.401624464E9	1.6646351834146984
1.408445021E9	2.544190411864451
1.415265578E9	6.007268686125889
1.422086135E9	7.498970033193977
1.428906692E9	7.846366110516335
1.435727249E9	5.642987370427814
1.442092514E9	7.959493779962181
1.4455027925E9	0.0
1.449368363E9	14.90173291683452
1.45618892E9	2.3684584899460503
1.463009477E9	8.290930887153792
1.469830034E9	1.7535854397149886
1.476650591E9	5.504766187400964
1.483471148E9	7.214400669641868
1.490291705E9	6.002417024500153
1.497112262E9	6.638629985250684
1.503932819E9	4.5483839037422245
1.510753376E9	2.8096797820873585
1.517573933E9	5.556069665878427
1.52439449E9	4.39573772393602
1.531215047E9	9.367392221313485
1.538035604E9	12.282234098541485
1.544856161E9	7.801003531117977
1.551676718E9	10.168000437765713
1.558497275E9	9.80118190158877
1.565317832E9	5.880144395276557
1.572138389E9	3.2218323793883483
1.578958946E9	1.5780140861844054
1.585779503E9	4.030972451673152
1.59260006E9	4.9440353477125205
1.599420617E9	2.456893162001196
1.603811856E9	2.276887647811776
1.6072221345E9	18.065229214769527
1.613061731E9	2.8777949282023396
1.619882288E9	4.861620223333578
1.626702845E9	9.548576811146644
1.633523402E9	4.124215921808173
1.640343959E9	8.038977808977508
1.647164516E9	7.589323683513257
1.653985073E9	4.134635282672583
1.66080563E9	5.754367789710302
1.667626187E9	5.502877335007163
1.674446744E9	4.017386578117459
1.681267301E9	2.058425545481149
1.688087858E9	4.853807889677338
1.694908415E9	3.5150317344626743
1.701728972E9	5.152328049146868
1.708549529E9	3.39027858912805
1.715370086E9	3.547725663234005
1.722190643E9	6.18533542239471
1.7290112E9	9.756216526809386
1.735831757E9	9.70297610769851
1.742652314E9	8.572181504425146
1.749472871E9	6.982582188994845
1.756293428E9	6.264917753174374
1.7606786045E9	7.8405275222598965
1.764088883E9	8.916123432919631
1.769934542E9	3.943995848035903
1.776755099E9	2.6126881778318904
1.783575656E9	4.156193378640268
1.790396213E9	3.6279560392052335
1.79721677E9	6.539614478669903
1.804037327E9	3.9844873510361327
1.810857884E9	3.741940552436253
1.817678441E9	5.36784385562741
1.824498998E9	5.359287756308973
1.831319555E9	3.1131750019023547
1.838140112E9	7.322121927208958
1.844960669E9	1.7091261726426437
1.851781226E9	4.830128942265165
1.858601783E9	5.5978883680009455
1.86542234E9	4.695051657057087
1.872242897E9	7.7663031876666055
1.879063454E9	7.163108943675177
1.885884011E9	7.538383057608208
1.892704568E9	5.316656710567236
1.899525125E9	5.926921254225283
1.906345682E9	9.664175009613663
1.911583806E9	6.425224267301223
1.9149940845E9	3.5401869158878503
1.919986796E9	3.6654046756588032
1.926807353E9	3.371490431350985
1.93362791E9	2.01569259355646
1.940448467E9	5.043607214391786
1.947269024E9	2.4556366710239774
1.954089581E9	8.36864492455311
1.960910138E9	2.636627287435237
1.967730695E9	5.352928904055193
1.974551252E9	2.335681902430449
1.981371809E9	6.580254776229333
1.988192366E9	1.8999329019397204
1.995012923E9	7.692840331516001
2.00183348E9	5.937435528364157
2.008654037E9	4.589251023224516
2.015474594E9	2.888514980605496
2.022295151E9	1.8311708971665936
2.029115708E9	6.266082977912536
2.035936265E9	11.01681329466467
2.042756822E9	8.142819359687456
2.049577379E9	5.807235658406776
2.056397936E9	6.534226303037672
2.061403955E9	5.6123597001688115
2.0648142335E9	8.26807103893123
2.07003905E9	13.898993621267659
2.076859607E9	14.339419915980825
2.083680164E9	13.617269222377482
2.090500721E9	9.99737735260786
2.097321278E9	6.73096507492172
2.104141835E9	15.738338049894635
2.110962392E9	7.551509877798711
2.117782949E9	3.149001370756992
2.124603506E9	4.270384810012519
2.131424063E9	6.179940673446899
2.13824462E9	4.318716983429429
2.145065177E9	7.312087858435615
2.151885734E9	1.6971449744773015
2.158706291E9	4.493555019561551
2.165526848E9	6.710603416997504
2.172347405E9	6.878910355718634
2.179167962E9	6.7901705879968075
2.185988519E9	5.511752032886725
2.192809076E9	10.702474220996546
2.199629633E9	5.342046488668423
2.2055174015E9	0.1828490787424468
2.20892768E9	0.0
2.213270747E9	19.079890602641246
2.220091304E9	7.523354313926396
2.226911861E9	1.0997470134798266
2.233732418E9	8.281852692957994
2.240552975E9	7.2526258208073715
2.247373532E9	3.5956404310302585
2.254194089E9	7.181628956363031
2.261014646E9	5.194353681624231
2.267835203E9	5.259113292973958
2.27465576E9	2.353036201270177
2.281476317E9	10.893615188561755
2.288296874E9	4.522708305339297
2.295117431E9	7.406174577956399
2.301937988E9	5.319174103348055
2.308758545E9	1.7564288047053849
2.315579102E9	10.680220582317236
2.322399659E9	5.045008087970729
2.329220216E9	5.503053368931605
2.33537654E9	6.784094955945763
2.3387868185E9	0.0
2.34286133E9	5.5774947270874895
2.349681887E9	11.132049825192011
2.356502444E9	12.020433012220032
2.363323001E9	7.608653424734409
2.370143558E9	4.033385841146973
2.376964115E9	8.265676831984825
2.383784672E9	9.378079610541818
2.390605229E9	5.194552334624601
2.397425786E9	6.111664955083702
2.404246343E9	7.092368195463716
2.4110669E9	4.993502266624702
2.417887457E9	10.19087846009887
2.424708014E9	3.356340460080277
2.431528571E9	8.645194766792681
2.438349128E9	5.1790695792158745
2.445169685E9	7.668988525778015
2.451990242E9	8.171724261629004
2.458810799E9	9.354951995435044
2.4623516815E9	31.888207062868602
2.462490435E9	30.143183181059715
2.4657701095E9	15.447006549032293
2.472451913E9	5.498144950353281
2.47927247E9	3.7691459952282744
2.486093027E9	7.667866529432519
2.492913584E9	1.7440980881130508
2.499734141E9	8.128271972906854
2.506554698E9	6.669498553597149
2.513375255E9	4.183944727979903
2.520195812E9	7.939319582640281
2.527016369E9	7.483773835195821
2.533836926E9	12.365125877830023
2.540657483E9	7.264410420647773
2.54747804E9	2.2969328037978913
2.554298597E9	6.6610954534530595
2.561119154E9	9.627896128567771
2.567939711E9	11.547148839906953
2.574760268E9	4.901200886962155
2.581580825E9	2.155496873231671
2.588401382E9	0.7275307159129759
2.595221939E9	14.271463991777475
2.602042496E9	5.56734808614722
2.608863053E9	9.4664474964481
2.61568361E9	10.196666477448153
2.622504167E9	3.842034073097729
2.628944811E9	6.341476734457804
2.6323550895E9	7.310377064506077
2.636145281E9	0.7687433305756388
2.642965838E9	0.7294885185589349
2.649786395E9	0.3759764472537324
2.656606952E9	0.302029619598243
2.663427509E9	0.06475531700433423
2.670248066E9	1.1509803053119556
2.677068623E9	0.4641654348455525
2.68388918E9	0.9147819448420651
2.690709737E9	0.8161300490836223
2.697530294E9	1.2116140051238258
2.704350851E9	2.775250227479527
2.711171408E9	0.09348088420821678
2.717991965E9	1.3629654478362965
2.7224166935E9	0.2154264899031483
2.7239076495E9	0.9548996104285287
2.724663707E9	8.374066901248375
2.725073196E9	0.8940298507462686
2.725324001E9	2.390915468256752
2.725548349E9	0.4658809398693792
2.7257547175E9	0.8957754307948861
2.7259572895E9	0.9762292412894823
2.72615497E9	1.0
2.726345061E9	0.9349782293178519
2.726528329E9	45.89753178758414
2.7267074865E9	1.0
2.726880333E9	0.1986082714588041
2.727044245E9	1.0
2.7272012135E9	0.0
2.7273559415E9	0.8570903123585333
2.7274899765E9	10.372523219021678
2.727583395E9	0.9881358560794045
2.727643124E9	1.0
2.727687689E9	13.61671469740634
2.7277287455E9	1.0
2.727768103E9	1.0
2.7278050525E9	45.25
2.7278385245E9	0.9089805825242718
2.7278701775E9	7.386244921648288
2.727901543E9	16.339676883389444
2.7279314935E9	1.0
2.7279602115E9	29.055944055944057
2.7279879255E9	14.020847573479152
2.728014243E9	0.0
2.728039521E9	0.0
2.7280641975E9	0.0
2.728088693E9	0.0
2.728112669E9	1.0
2.7281360625E9	1.1168637615422
2.7281591285E9	1.0
2.7281812355E9	0.0
2.7282019595E9	0.7989276139410187
2.7282162695E9	29.14122170012815
2.7282214635E9	12.90302527973477
