#Position (bp)	Coverage
3410279.0	1.2120730022489365
1.0230836E7	3.39639035345647
1.7051393E7	1.539785826876016
2.387195E7	11.028278775472444
3.0692507E7	1.0348948040460626
3.7513064E7	4.928165837482188
4.4333621E7	1.22794941820734
5.1154178E7	2.181057939989359
5.7974735E7	3.198806783668841
6.4795292E7	5.42673934108314
7.1615849E7	1.9657469323986296
7.8436406E7	2.6309874692052277
8.5256963E7	5.344269976777556
9.207752E7	4.458458744645049
9.8898077E7	1.135655782951451
1.05718634E8	0.8686667379218442
1.12539191E8	0.20503002907240567
1.19359748E8	1.2637721523330132
1.26180305E8	5.782791786653202
1.33000862E8	4.463392652535562
1.39821419E8	0.38608063828218137
1.46641976E8	0.33459584019311034
1.53462533E8	5.702813861096682
1.6028309E8	6.713241455206664
1.67103647E8	6.643867648932485
1.73924204E8	4.913937234158442
1.80744761E8	4.768235350866505
1.87565318E8	1.7611340246844942
1.93064938E8	3.5095705991576773
1.964752165E8	0.0
2.01206432E8	2.635513345904154
2.08026989E8	2.8080087887250262
2.14847546E8	2.074995341289575
2.21668103E8	2.222690463550118
2.2848866E8	2.3162699175448576
2.35309217E8	3.095113199699086
2.42129774E8	1.0113789826842587
2.48950331E8	1.239244390157578
2.55770888E8	4.9556861704989785
2.62591445E8	3.21646164675407
2.69412002E8	3.3767553001902924
2.76232559E8	5.160234860583967
2.83053116E8	4.78747952696532
2.89873673E8	1.6087514553430167
2.9669423E8	1.4354947843702501
3.03514787E8	21.82588856012786
3.10335344E8	2.0598099246146613
3.17155901E8	2.076376166931821
3.231256605E8	7.925225660983614
3.26535939E8	0.0
3.30797015E8	7.203496429983651
3.37617572E8	0.6030664357764329
3.44438129E8	3.4518790767381606
3.51258686E8	1.5265759086831179
3.58079243E8	6.893839315469396
3.648998E8	3.5491995741696756
3.71720357E8	3.3786267016022298
3.78540914E8	5.986561361484114
3.85361471E8	7.141611601515829
3.92182028E8	4.716164530257573
3.99002585E8	9.757924462767484
4.05823142E8	5.391999069870686
4.12643699E8	7.3367455179980166
4.19464256E8	5.632178574271867
4.26284813E8	10.330670354342027
4.3310537E8	5.693713871169173
4.39925927E8	3.4987063373269955
4.45497358E8	9.865700129907538
4.489076365E8	0.0
4.53567041E8	3.5123197416281395
4.60387598E8	3.9454944808759755
4.67208155E8	1.613875377040321
4.74028712E8	1.942106781015099
4.80849269E8	3.092510039869178
4.87669826E8	2.960477714649991
4.94490383E8	3.0059712132015024
5.0131094E8	3.619502630063791
5.08131497E8	1.106366532821293
5.14952054E8	2.0374416634887735
5.21772611E8	6.297892826055115
5.28593168E8	6.033915118662596
5.35413725E8	7.040998850973608
5.42234282E8	0.33311648887326945
5.49054839E8	5.037181274197987
5.55875396E8	7.079961211379071
5.62695953E8	10.68745177263382
5.669287495E8	0.48073780756165824
5.70339028E8	0.3936989145633841
5.76337067E8	3.486930612851707
5.83157624E8	1.6193854842060553
5.89978181E8	4.106743334891857
5.96798738E8	0.6174809476704028
6.03619295E8	1.8947675387801906
6.10439852E8	5.823997952073416
6.17260409E8	3.1362470836326124
6.24080966E8	9.365427926194297
6.30901523E8	1.1723020568554738
6.3772208E8	2.443070998453645
6.44542637E8	2.892598654332777
6.51363194E8	2.91729942290637
6.58183751E8	5.1672034996555265
6.65004308E8	4.479566844760626
6.71824865E8	2.674871275175913
6.78645422E8	3.457910695563427
6.853450715E8	1.6847195102042305
6.8875535E8	0.0
6.92286536E8	2.4822144291148067
6.99107093E8	3.9334076381151863
7.0592765E8	2.1249207359457594
7.12748207E8	5.517659921323141
7.19568764E8	5.706784797781178
7.26389321E8	4.037805270156088
7.33209878E8	1.4222350168761877
7.40030435E8	1.3995041753921271
7.46850992E8	3.1139774947999115
7.53671549E8	4.370014794979355
7.60492106E8	3.042942387256642
7.67312663E8	2.5872897184203576
7.7413322E8	0.26977752696737234
7.80953777E8	1.2884318685409417
7.87774334E8	0.5887199535169928
7.94594891E8	1.5524661695518416
8.01415448E8	0.8213318941546857
8.08236005E8	3.073045793767283
8.12710191E8	2.9640645450849816
8.161204695E8	2.105786126746367
8.21877119E8	2.190781486028194
8.28697676E8	1.744224262036077
8.35518233E8	1.1807724794323982
8.4233879E8	8.010047419880811
8.49159347E8	7.535571654924957
8.55979904E8	4.854256771111216
8.62800461E8	0.7578746134663196
8.69621018E8	2.6434572718914304
8.76441575E8	2.077183139148313
8.83262132E8	3.6656645490976763
8.90082689E8	5.285284911481569
8.96903246E8	8.028338301402657
9.03723803E8	5.691024354755777
9.1054436E8	9.8254413825733
9.15901344E8	4.437370213419544
9.193116225E8	0.0
9.24185474E8	14.34430399159482
9.31006031E8	4.643046601619194
9.37826588E8	5.7248490115983195
9.44647145E8	6.421941785692869
9.51467702E8	6.793754234441557
9.58288259E8	8.189915720959446
9.65108816E8	2.300876893192154
9.71929373E8	2.1583737222634456
9.7874993E8	0.9107194617682984
9.85570487E8	1.9645857369126891
9.92391044E8	1.5161735324549006
9.99211601E8	3.0323441325979683
1.006032158E9	12.527189934780987
1.012649727E9	5.89349577158664
1.0160600055E9	0.0
1.019673272E9	2.285549992471289
1.026493829E9	3.027221530440989
1.033314386E9	1.3112584500063558
1.040134943E9	4.694409855382779
1.0469555E9	6.645662956852351
1.053776057E9	3.721856733988148
1.060596614E9	3.7214551538825935
1.067417171E9	1.6043528409776504
1.074237728E9	1.9840917684582067
1.081058285E9	4.069463535016275
1.087878842E9	7.485419592564067
1.094699399E9	2.196693026683891
1.101519956E9	8.288341846567663
1.1080409755E9	5.883818357105269
1.111451254E9	0.0
1.11516107E9	1.2001584328083468
1.121981627E9	3.56512906497226
1.128802184E9	1.2965316469021517
1.135622741E9	8.45002336319453
1.142443298E9	4.8727084899371125
1.149263855E9	7.759048564508735
1.156084412E9	4.318684822955075
1.162904969E9	0.9653981339060724
1.169725526E9	8.253152198566774
1.176546083E9	4.325160833638661
1.18336664E9	2.73538334185903
1.190187197E9	2.027793184632868
1.197007754E9	3.5528416520820807
1.201145256E9	4.007231614489906
1.2045555345E9	3.5036874011155192
1.210648868E9	8.181367298887759
1.217469425E9	2.2358339648799945
1.224289982E9	2.180141152694714
1.231110539E9	3.0150087448869645
1.237931096E9	2.027032689558932
1.244751653E9	4.399458577943121
1.25157221E9	2.8258653948643784
1.258392767E9	4.417907364457184
1.2625477645E9	2.737284129987284
1.265958043E9	1.2878408829365842
1.272033881E9	3.345085745929548
1.278854438E9	2.7569563600157583
1.285674995E9	6.906367617776671
1.292495552E9	9.307253791735777
1.299316109E9	7.558565231549271
1.306136666E9	1.4591113306435237
1.312957223E9	4.676622598418282
1.31977778E9	2.706952379402445
1.326598337E9	4.729659469160657
1.333418894E9	12.10927978462756
1.340239451E9	4.6095672244950086
1.347060008E9	1.9362830630988055
1.353880565E9	4.277122821493904
1.360701122E9	1.290529204579626
1.367521679E9	6.916099081057456
1.374342236E9	4.140831606568202
1.381162793E9	4.98725030814932
1.38798335E9	2.6403287883966073
1.394803907E9	6.158361993016113
1.401624464E9	13.770329754593357
1.408445021E9	8.461270245230704
1.415265578E9	5.314893783601544
1.422086135E9	7.242009413600678
1.428906692E9	5.268500211932838
1.435727249E9	2.7218306364128324
1.442092514E9	4.916911464739348
1.4455027925E9	0.0
1.449368363E9	0.4132078948977334
1.45618892E9	3.6418403951466134
1.463009477E9	0.7199854791918021
1.469830034E9	1.5402262601133603
1.476650591E9	3.8383054345854744
1.483471148E9	1.462124867514486
1.490291705E9	0.4457432142272251
1.497112262E9	3.0010260159104307
1.503932819E9	3.3077584426022684
1.510753376E9	2.513516418087262
1.517573933E9	1.6891138069808669
1.52439449E9	4.1793585186664375
1.531215047E9	5.196501546721184
1.538035604E9	2.9453381886552665
1.544856161E9	2.552716295751212
1.551676718E9	4.107860252469116
1.558497275E9	0.9304789916717946
1.565317832E9	1.6816556184487572
1.572138389E9	5.819503890957879
1.578958946E9	7.680381235726056
1.585779503E9	3.0508031822034476
1.59260006E9	3.1316190158662995
1.599420617E9	7.745054399516051
1.603811856E9	3.143691310710268
1.6072221345E9	0.28246857760079164
1.613061731E9	2.5328572138609795
1.619882288E9	1.535684402314943
1.626702845E9	0.8968367246252762
1.633523402E9	0.6410049795053395
1.640343959E9	1.4205952680990717
1.647164516E9	5.3341715346708485
1.653985073E9	4.323506863149153
1.66080563E9	2.5054446433040587
1.667626187E9	1.3434918878326212
1.674446744E9	1.4630305120241647
1.681267301E9	5.5363877173081315
1.688087858E9	1.9203523993714884
1.694908415E9	2.4664671814926553
1.701728972E9	1.067453435254628
1.708549529E9	6.25456835856661
1.715370086E9	4.325007766960968
1.722190643E9	4.44083217836901
1.7290112E9	5.106200710587126
1.735831757E9	4.930450694862604
1.742652314E9	6.093567871362999
1.749472871E9	1.5359510960761709
1.756293428E9	8.030184045086054
1.7606786045E9	10.508866568605125
1.764088883E9	0.8875748573990799
1.769934542E9	5.461942624334053
1.776755099E9	3.063938179829008
1.783575656E9	5.232662669632407
1.790396213E9	5.255675013052453
1.79721677E9	6.35395540276256
1.804037327E9	1.9256912595261648
1.810857884E9	0.9303556879592092
1.817678441E9	1.4975341456716804
1.824498998E9	1.3386081224744548
1.831319555E9	4.16742386288979
1.838140112E9	2.2134890156331806
1.844960669E9	2.317204298710501
1.851781226E9	3.2072151878504935
1.858601783E9	0.9161289906381547
1.86542234E9	8.053835046023368
1.872242897E9	4.705535193093468
1.879063454E9	4.920244197064844
1.885884011E9	7.841896636887574
1.892704568E9	4.301831067462672
1.899525125E9	10.473200649155194
1.906345682E9	3.514008020166095
1.911583806E9	2.8206831485483868
1.9149940845E9	0.01695332440615179
1.919986796E9	5.2998086519913254
1.926807353E9	0.947758078995601
1.93362791E9	3.429102344573911
1.940448467E9	3.2761717261508116
1.947269024E9	6.299386105856164
1.954089581E9	2.960935008680376
1.960910138E9	3.9957038699332035
1.967730695E9	3.199816378633006
1.974551252E9	4.580046761576804
1.981371809E9	0.6236062538587391
1.988192366E9	6.852384050158953
1.995012923E9	1.5365104345583507
2.00183348E9	7.929869217426084
2.008654037E9	3.0537712682409954
2.015474594E9	1.7583414375101623
2.022295151E9	7.278965046403101
2.029115708E9	7.575227946925742
2.035936265E9	4.61880444661631
2.042756822E9	1.2671362470836327
2.049577379E9	2.022590823594026
2.056397936E9	2.4133748900566334
2.061403955E9	2.584885199065888
2.0648142335E9	1.5438907865252753
2.07003905E9	2.2883683839897535
2.076859607E9	2.777075684581186
2.083680164E9	1.4398388577355192
2.090500721E9	7.6374268259908975
2.097321278E9	1.8189278382982503
2.104141835E9	1.2008105789600467
2.110962392E9	5.156260111894087
2.117782949E9	4.080217935280066
2.124603506E9	6.689674758234554
2.131424063E9	1.0638179550438476
2.13824462E9	3.3430186127027457
2.145065177E9	3.736170960817423
2.151885734E9	11.361419455918336
2.158706291E9	2.9569004408290995
2.165526848E9	5.713514600053926
2.172347405E9	4.574621691454231
2.179167962E9	2.8332643506974575
2.185988519E9	9.004460192913863
2.192809076E9	3.367394041278447
2.199629633E9	2.090833197347372
2.2055174015E9	32.15099051862974
2.20892768E9	0.0
2.213270747E9	0.6037084654523084
2.220091304E9	3.024588900877157
2.226911861E9	2.991654054060394
2.233732418E9	2.192527970956038
2.240552975E9	1.167494971451745
2.247373532E9	3.4392966732775636
2.254194089E9	1.893864533351162
2.261014646E9	3.861131429588522
2.267835203E9	1.533746437424392
2.27465576E9	11.08113472257471
2.281476317E9	4.9438768710532
2.288296874E9	1.1249043149994935
2.295117431E9	5.74107598543638
2.301937988E9	9.114779042239512
2.308758545E9	1.3694136710535518
2.315579102E9	2.6330551888943967
2.322399659E9	2.720084004869397
2.329220216E9	7.55930212151295
2.33537654E9	2.5303437251859084
2.3387868185E9	0.0
2.34286133E9	1.4898421052708746
2.349681887E9	0.823927723205011
2.356502444E9	1.9046080840611699
2.363323001E9	2.7930418292816848
2.370143558E9	5.9692425413349675
2.376964115E9	3.5393644536655877
2.383784672E9	6.12838834130409
2.390605229E9	4.243927585386355
2.397425786E9	6.779080066334759
2.404246343E9	4.183210550106098
2.4110669E9	5.420290600899604
2.417887457E9	1.8808636889919694
2.424708014E9	3.7693530015217234
2.431528571E9	1.035479653641191
2.438349128E9	4.25673519039574
2.445169685E9	7.497161742068866
2.451990242E9	3.6314066431817813
2.458810799E9	3.866600631004183
2.4623516815E9	0.3275895072126428
2.462490435E9	3276.453033928462
2.4657701095E9	0.04084257341759577
2.472451913E9	6.227712487411218
2.47927247E9	0.8630177857908086
2.486093027E9	2.1173585969591633
2.492913584E9	0.025733382185648475
2.499734141E9	1.8447554943093358
2.506554698E9	1.597834458388076
2.513375255E9	1.270758825122347
2.520195812E9	1.0625369746195215
2.527016369E9	0.20407145633413812
2.533836926E9	3.7583939258919763
2.540657483E9	0.6066324201967669
2.54747804E9	1.596319479479462
2.554298597E9	1.7389716118492962
2.561119154E9	1.7090932602718516
2.567939711E9	1.6238593123699427
2.574760268E9	0.28343535579278933
2.581580825E9	0.36119249498244793
2.588401382E9	0.45908625937735
2.595221939E9	2.209354749179576
2.602042496E9	1.0969975032830896
2.608863053E9	0.5061507439934891
2.61568361E9	1.8912110843733143
2.622504167E9	4.260347505343039
2.628944811E9	3.4254033053108612
2.6323550895E9	0.0032020488901406373
2.636145281E9	0.03612051039233306
2.642965838E9	0.004680702763718564
2.649786395E9	0.011009658008869364
2.656606952E9	0.005673583550434371
2.663427509E9	0.0054019048590899545
2.670248066E9	0.025583247819789497
2.677068623E9	0.026139800605727657
2.68388918E9	0.0013469574405726688
2.690709737E9	0.02288933293864416
2.697530294E9	0.006316492919859771
2.704350851E9	0.006065340411347636
2.711171408E9	0.04151288523796517
2.717991965E9	0.010355605854477867
2.7224166935E9	1.1211296761792104
2.7239076495E9	0.006200341653620311
2.724663707E9	1.211991350430958
2.725073196E9	0.0011544011544011544
2.725324001E9	0.050534676401844995
2.725548349E9	0.15437207976382022
2.7257547175E9	0.01744129538916103
2.7259572895E9	0.019446450784478955
2.72615497E9	0.03041945375600149
2.726345061E9	0.021135898452133407
2.726528329E9	0.02078454814172978
2.7267074865E9	0.006756910347335879
2.726880333E9	0.358703785535425
2.727044245E9	0.005218249324790163
2.7272012135E9	9.625380202518E-4
2.7273559415E9	0.3471858766550795
2.7274899765E9	1.7904885891028552
2.727583395E9	0.20411687504317194
2.727643124E9	0.03447836339302785
2.727687689E9	0.0017595168461849394
2.7277287455E9	0.0
2.727768103E9	0.005820119506453866
2.7278050525E9	0.004256526674233825
2.7278385245E9	0.002365632096896291
2.7278701775E9	0.13033985190810707
2.727901543E9	28.15532140447814
2.7279314935E9	0.005213401918531906
2.7279602115E9	0.0026165224672062516
2.7279879255E9	0.03306680615752503
2.728014243E9	0.0
2.728039521E9	0.0
2.7280641975E9	0.0
2.728088693E9	0.0
2.728112669E9	0.0
2.7281360625E9	1.3018395370930131
2.7281591285E9	0.013058239749281797
2.7281812355E9	0.0035310734463276836
2.7282019595E9	0.022268408551068885
2.7282162695E9	2.194127436994769
2.7282214635E9	7.9832995951417
