#Position (bp)	mapping quality
3410279.0	3.415753720400488
1.0230836E7	3.1340713560143083
1.7051393E7	2.6870501024280453
2.387195E7	1.3564619328343117
3.0692507E7	2.9468559493283975
3.7513064E7	6.447420562218128
4.4333621E7	4.927908735498678
5.1154178E7	3.980632961806687
5.7974735E7	5.979319333597331
6.4795292E7	4.936431972999005
7.1615849E7	4.867470287947323
7.8436406E7	7.594646281458481
8.5256963E7	4.521189316216342
9.207752E7	5.087567688518698
9.8898077E7	2.567581583946283
1.05718634E8	4.489785072250422
1.12539191E8	7.584636029614051
1.19359748E8	3.530098624351059
1.26180305E8	2.497364837763128
1.33000862E8	8.360539372877133
1.39821419E8	4.7102631596573366
1.46641976E8	4.372907234877435
1.53462533E8	6.039036478363754
1.6028309E8	3.1619355249929937
1.67103647E8	4.659025580830571
1.73924204E8	5.539776994571399
1.80744761E8	5.298997473818259
1.87565318E8	4.002962852679583
1.93064938E8	7.829659977888795
1.964752165E8	0.0
2.01206432E8	5.345261651465733
2.08026989E8	2.7730912339640987
2.14847546E8	3.384886477799364
2.21668103E8	4.212143672387434
2.2848866E8	2.732740790345281
2.35309217E8	3.6782973870004083
2.42129774E8	1.856343026501603
2.48950331E8	3.0925848915411187
2.55770888E8	6.900411816316518
2.62591445E8	4.106250311231116
2.69412002E8	6.5421780222180566
2.76232559E8	7.178185123806274
2.83053116E8	3.4264872149831604
2.89873673E8	3.908962145231465
2.9669423E8	4.894321709329539
3.03514787E8	1.0782774583855965
3.10335344E8	4.455090727448677
3.17155901E8	6.146539161432476
3.231256605E8	11.215667200762464
3.26535939E8	0.0
3.30797015E8	6.085876123393443
3.37617572E8	2.916908989504706
3.44438129E8	4.690476017555526
3.51258686E8	4.781197999200077
3.58079243E8	3.679283235780423
3.648998E8	3.2930732860884837
3.71720357E8	5.5332902636016295
3.78540914E8	6.7535122635353835
3.85361471E8	4.506285080418253
3.92182028E8	10.752248847450385
3.99002585E8	6.266283989338522
4.05823142E8	9.377445707950077
4.12643699E8	4.9167482308492785
4.19464256E8	7.934726642943959
4.26284813E8	8.318419243734542
4.3310537E8	6.862509434878237
4.39925927E8	8.185653610668435
4.45497358E8	5.2136689733722115
4.489076365E8	0.0
4.53567041E8	4.672064212387805
4.60387598E8	2.4411475391060944
4.67208155E8	3.28474855494825
4.74028712E8	4.987156361659622
4.80849269E8	3.5706017896409334
4.87669826E8	1.0469396775742825
4.94490383E8	2.892276703941697
5.0131094E8	2.99725481513176
5.08131497E8	4.58906631674331
5.14952054E8	6.289942065086902
5.21772611E8	3.624627004096842
5.28593168E8	3.221315463098498
5.35413725E8	3.0725380557044573
5.42234282E8	10.194893521174079
5.49054839E8	7.46741248913065
5.55875396E8	8.087261995223736
5.62695953E8	2.9034729356614424
5.669287495E8	6.006444561123621
5.70339028E8	6.325997159219237
5.76337067E8	2.848447598593624
5.83157624E8	4.8032729760575545
5.89978181E8	3.70916356467074
5.96798738E8	2.5242789474904095
6.03619295E8	3.3693092040526933
6.10439852E8	1.6417112694419147
6.17260409E8	5.944878703260072
6.24080966E8	5.6726946536191
6.30901523E8	4.6378332821377235
6.3772208E8	3.1664068475904075
6.44542637E8	3.87083561034796
6.51363194E8	4.824908676203721
6.58183751E8	2.0550345525075073
6.65004308E8	4.252607162027452
6.71824865E8	4.438803559981254
6.78645422E8	4.347754610668476
6.853450715E8	2.7906003873276566
6.8875535E8	0.0
6.92286536E8	1.9823161888436125
6.99107093E8	1.5236171864721733
7.0592765E8	4.7451863798755065
7.12748207E8	4.828101490004945
7.19568764E8	2.5933154494931943
7.26389321E8	1.9346445851561587
7.33209878E8	5.324667585758836
7.40030435E8	8.78110728823184
7.46850992E8	10.003005390830952
7.53671549E8	5.614532743203802
7.60492106E8	6.258649860525218
7.67312663E8	4.852868639354328
7.7413322E8	2.647970881600716
7.80953777E8	0.9314642727158475
7.87774334E8	4.278608898511114
7.94594891E8	5.857780670442246
8.01415448E8	0.7182176147801775
8.08236005E8	3.1698956156278713
8.12710191E8	2.100788713037767
8.161204695E8	3.5403534561680865
8.21877119E8	5.915362884871884
8.28697676E8	4.011698075574479
8.35518233E8	1.1513514026599554
8.4233879E8	2.2716076479710576
8.49159347E8	4.527374142344758
8.55979904E8	2.4853741479017795
8.62800461E8	1.915666121540591
8.69621018E8	4.670173764811371
8.76441575E8	2.9321301071558885
8.83262132E8	3.47087323991374
8.90082689E8	10.427230799403961
8.96903246E8	5.263261787914935
9.03723803E8	4.011389801253227
9.1054436E8	6.357180752712995
9.15901344E8	8.326984871010609
9.193116225E8	0.0
9.24185474E8	1.8119749134309668
9.31006031E8	4.787845471854107
9.37826588E8	7.82842391414761
9.44647145E8	2.560174513867994
9.51467702E8	3.982463006564893
9.58288259E8	1.5058181728618154
9.65108816E8	4.850442019988591
9.71929373E8	4.430207377145301
9.7874993E8	3.5186966052165842
9.85570487E8	2.773077212485834
9.92391044E8	1.8565454794602045
9.99211601E8	3.214765483520262
1.006032158E9	1.844538323072389
1.012649727E9	2.0369254061823145
1.0160600055E9	0.0
1.019673272E9	2.7144706966782564
1.026493829E9	3.322741799216983
1.033314386E9	4.48806859040294
1.040134943E9	12.339727581404487
1.0469555E9	5.219012534584159
1.053776057E9	20.437061654982614
1.060596614E9	7.144436970995066
1.067417171E9	3.238190733494708
1.074237728E9	11.872522899324677
1.081058285E9	2.8859326787118467
1.087878842E9	2.778681904175368
1.094699399E9	5.378234624693857
1.101519956E9	3.0792933221817695
1.1080409755E9	1.1571166363025855
1.111451254E9	0.0
1.11516107E9	5.233008788498652
1.121981627E9	3.4757969837951266
1.128802184E9	3.050064763989191
1.135622741E9	2.0409024811098897
1.142443298E9	3.2985435485608656
1.149263855E9	5.413503803037959
1.156084412E9	3.2024663011089873
1.162904969E9	4.29554737020137
1.169725526E9	6.215041080046877
1.176546083E9	4.14161360000341
1.18336664E9	3.3756408591639735
1.190187197E9	5.877643621694264
1.197007754E9	3.406866096705937
1.201145256E9	5.752841886143543
1.2045555345E9	10.804931977968796
1.210648868E9	12.170678900359539
1.217469425E9	3.7058848013195558
1.224289982E9	5.032002850178429
1.231110539E9	4.669480601725277
1.237931096E9	5.180109404694986
1.244751653E9	8.356812891079104
1.25157221E9	4.719084977593025
1.258392767E9	5.161438393434221
1.2625477645E9	8.50460999375412
1.265958043E9	5.955149853379462
1.272033881E9	2.317770919871335
1.278854438E9	2.62479818729191
1.285674995E9	6.197639441718188
1.292495552E9	8.15414399898184
1.299316109E9	4.208812895193311
1.306136666E9	2.0918198087486273
1.312957223E9	3.5253616025277403
1.31977778E9	2.260862480888081
1.326598337E9	3.2837685076619203
1.333418894E9	2.246854690056264
1.340239451E9	3.8066226930094107
1.347060008E9	6.193578983391355
1.353880565E9	6.126847633267702
1.360701122E9	2.7297543104048074
1.367521679E9	5.973949892153927
1.374342236E9	2.523824592874713
1.381162793E9	7.922795618590372
1.38798335E9	7.622814465218173
1.394803907E9	7.065675920012698
1.401624464E9	1.6149361428583016
1.408445021E9	2.2736390742188317
1.415265578E9	5.493225156099513
1.422086135E9	6.413939299785917
1.428906692E9	6.404991568069285
1.435727249E9	4.08122316438389
1.442092514E9	6.0907598916049706
1.4455027925E9	0.0
1.449368363E9	9.135121777911289
1.45618892E9	1.4386871360022742
1.463009477E9	7.791488161351175
1.469830034E9	2.2665936603146632
1.476650591E9	5.012057035548163
1.483471148E9	6.934587716387222
1.490291705E9	5.906806839289621
1.497112262E9	5.060121364253513
1.503932819E9	3.932229147020265
1.510753376E9	2.29381842139798
1.517573933E9	4.164867547371121
1.52439449E9	4.29308581642567
1.531215047E9	8.012118450236049
1.538035604E9	9.791452699807763
1.544856161E9	6.735100773656577
1.551676718E9	8.349537601188906
1.558497275E9	12.416425515078734
1.565317832E9	5.6514530193384065
1.572138389E9	3.7458760499834236
1.578958946E9	1.0223308273198017
1.585779503E9	3.3548642376030156
1.59260006E9	4.747683394540225
1.599420617E9	2.8063938405933726
1.603811856E9	2.1129091704495417
1.6072221345E9	14.938094050526502
1.613061731E9	2.8716116975068506
1.619882288E9	4.3460423276162645
1.626702845E9	6.98781194849244
1.633523402E9	4.406677397735985
1.640343959E9	6.170207331791008
1.647164516E9	6.458859453330886
1.653985073E9	3.487926566044804
1.66080563E9	4.329532632285062
1.667626187E9	4.275500141368282
1.674446744E9	3.3633241654952535
1.681267301E9	1.772533813612198
1.688087858E9	3.208422951032212
1.694908415E9	4.493827209698465
1.701728972E9	4.281637694260267
1.708549529E9	3.2117634620951288
1.715370086E9	3.738117635508172
1.722190643E9	5.163306001366265
1.7290112E9	8.823161849980666
1.735831757E9	7.6871074066223475
1.742652314E9	6.381086140488899
1.749472871E9	3.26073151198641
1.756293428E9	5.173127905653805
1.7606786045E9	5.639605948905246
1.764088883E9	7.350766228502446
1.769934542E9	3.3783956536202298
1.776755099E9	2.338285539848423
1.783575656E9	3.1877716570786316
1.790396213E9	2.884308607904837
1.79721677E9	5.522690411993731
1.804037327E9	3.0421970175450905
1.810857884E9	2.972327343897498
1.817678441E9	3.4542224161042703
1.824498998E9	4.490027598516077
1.831319555E9	2.8472825036461717
1.838140112E9	5.414658962594184
1.844960669E9	1.1070794522599723
1.851781226E9	4.208072705258897
1.858601783E9	3.8876050854822926
1.86542234E9	3.083988769169506
1.872242897E9	6.573792916250172
1.879063454E9	6.804726998491251
1.885884011E9	6.593773035221491
1.892704568E9	3.604353078387515
1.899525125E9	5.6792507571418875
1.906345682E9	6.258991219157918
1.911583806E9	4.56021155095617
1.9149940845E9	0.24747003516830546
1.919986796E9	3.7516656705936358
1.926807353E9	4.547596215781434
1.93362791E9	2.2990927337070826
1.940448467E9	4.001652830716869
1.947269024E9	2.6445031364917075
1.954089581E9	7.646238181553312
1.960910138E9	2.1075306153807296
1.967730695E9	4.768061639398492
1.974551252E9	2.6013257108621537
1.981371809E9	6.9994626539319205
1.988192366E9	2.5057194937424243
1.995012923E9	6.99327112551506
2.00183348E9	5.699964534880673
2.008654037E9	4.420155750133532
2.015474594E9	2.392063316286164
2.022295151E9	1.9614394282794823
2.029115708E9	5.06308389795877
2.035936265E9	9.267147023529903
2.042756822E9	7.17877015304439
2.049577379E9	4.8693896737794695
2.056397936E9	5.976992179060623
2.061403955E9	4.3747796509634185
2.0648142335E9	9.76750548961846
2.07003905E9	11.822757244814246
2.076859607E9	9.446705384959465
2.083680164E9	11.71164631849457
2.090500721E9	8.773823244145225
2.097321278E9	6.157846169218011
2.104141835E9	12.457702158021103
2.110962392E9	6.614103091061699
2.117782949E9	2.975089125202096
2.124603506E9	2.9481553210655473
2.131424063E9	4.645694777570109
2.13824462E9	4.116310565596136
2.145065177E9	5.72873824096447
2.151885734E9	1.4953329891997416
2.158706291E9	3.7332823126663435
2.165526848E9	5.783419308405992
2.172347405E9	5.279477231147923
2.179167962E9	5.9252510206648905
2.185988519E9	4.227870203535385
2.192809076E9	8.876031487521779
2.199629633E9	3.530802991973773
2.2055174015E9	8.281935891596515
2.20892768E9	0.0
2.213270747E9	16.508013060297277
2.220091304E9	6.510932556260719
2.226911861E9	1.816589221973451
2.233732418E9	7.375436153798014
2.240552975E9	6.021807172661725
2.247373532E9	2.5631038224047544
2.254194089E9	6.057026940733545
2.261014646E9	1.653536084068945
2.267835203E9	4.664474480481818
2.27465576E9	2.0460587337521554
2.281476317E9	10.002370410689934
2.288296874E9	3.1772068252590144
2.295117431E9	6.186391254306852
2.301937988E9	4.567403176621544
2.308758545E9	1.2224030020140144
2.315579102E9	9.543930308961507
2.322399659E9	4.673626020609314
2.329220216E9	4.438111557859246
2.33537654E9	6.0822235458295415
2.3387868185E9	0.0
2.34286133E9	4.006557427996488
2.349681887E9	10.787320732098742
2.356502444E9	10.558807821864063
2.363323001E9	6.375349812374609
2.370143558E9	2.9132417394855987
2.376964115E9	6.4225142137105555
2.383784672E9	7.055358084116757
2.390605229E9	4.507271427905388
2.397425786E9	4.498670101166777
2.404246343E9	5.177673341759625
2.4110669E9	4.68615870693987
2.417887457E9	7.861886989301319
2.424708014E9	2.9815791365870505
2.431528571E9	6.676541519830694
2.438349128E9	4.691570812071131
2.445169685E9	7.125174613438773
2.451990242E9	7.567231957014686
2.458810799E9	7.544170634602014
2.4623516815E9	26.9554471686971
2.462490435E9	30.404727666787824
2.4657701095E9	6.660779201494093
2.472451913E9	2.289001443549224
2.47927247E9	3.6189291623090507
2.486093027E9	9.651514714035862
2.492913584E9	1.6908570667152907
2.499734141E9	5.799926990465916
2.506554698E9	4.679683465900476
2.513375255E9	3.3323130276596102
2.520195812E9	6.5582840998503364
2.527016369E9	14.144441443035852
2.533836926E9	10.056384993090665
2.540657483E9	5.210610611543621
2.54747804E9	2.6069759062780036
2.554298597E9	6.506434410928234
2.561119154E9	7.8397792873564365
2.567939711E9	9.067748297165812
2.574760268E9	4.182161051086554
2.581580825E9	2.6255970048544457
2.588401382E9	0.8490467481107471
2.595221939E9	13.800762080777357
2.602042496E9	4.111906687662342
2.608863053E9	5.510379123316565
2.61568361E9	8.515796925530395
2.622504167E9	3.602402422424026
2.628944811E9	3.297804901435864
2.6323550895E9	5.040201005025126
2.636145281E9	1.8589481044902851
2.642965838E9	0.711814182194617
2.649786395E9	1.236255201332829
2.656606952E9	1.9362196976473744
2.663427509E9	0.7307283536484108
2.670248066E9	0.8891166179055184
2.677068623E9	2.141820771302045
2.68388918E9	1.9912325285895807
2.690709737E9	1.140380102817633
2.697530294E9	0.6926180568120137
2.704350851E9	0.3593446927874429
2.711171408E9	0.3278525664099057
2.717991965E9	1.3414527101163045
2.7224166935E9	0.7502228325535971
2.7239076495E9	0.353613777526821
2.724663707E9	2.9096422803631254
2.725073196E9	10.63265306122449
2.725324001E9	0.45045783791171246
2.725548349E9	1.1179353493222106
2.7257547175E9	2.3045226130653265
2.7259572895E9	0.906695464362851
2.72615497E9	0.1486896287547483
2.726345061E9	0.9452573158425832
2.726528329E9	32.458045409674234
2.7267074865E9	0.5208333333333334
2.726880333E9	0.6272568184728328
2.727044245E9	0.9991103202846975
2.7272012135E9	1.0
2.7273559415E9	0.35839300736606683
2.7274899765E9	10.363965669319432
2.727583395E9	0.9257348647070275
2.727643124E9	0.9310344827586207
2.727687689E9	0.0
2.7277287455E9	1.0
2.727768103E9	1.0
2.7278050525E9	1.0
2.7278385245E9	1.0
2.7278701775E9	5.170638703527168
2.727901543E9	24.83573450090735
2.7279314935E9	1.0
2.7279602115E9	1.0
2.7279879255E9	27.45248313917842
2.728014243E9	0.0
2.728039521E9	0.0
2.7280641975E9	0.0
2.728088693E9	1.0
2.728112669E9	0.0
2.7281360625E9	0.9421922923056407
2.7281591285E9	1.0
2.7281812355E9	0.0
2.7282019595E9	0.6
2.7282162695E9	23.692027368734195
2.7282214635E9	14.436279655679193
