#Position (bp)	mapping quality
3410279.0	3.3538443431925438
1.0230836E7	3.3074616063023536
1.7051393E7	2.93110068329024
2.387195E7	1.5708474088038782
3.0692507E7	3.0576543535601877
3.7513064E7	6.304392772772258
4.4333621E7	4.952347425096026
5.1154178E7	2.8355046534193113
5.7974735E7	5.794916809459047
6.4795292E7	4.613018495833552
7.1615849E7	5.111184121528984
7.8436406E7	7.721329465328295
8.5256963E7	3.616545969160779
9.207752E7	4.862520235161009
9.8898077E7	2.3275753702884723
1.05718634E8	3.1863634258321127
1.12539191E8	2.137745514387533
1.19359748E8	4.071990060396894
1.26180305E8	2.0034434142736597
1.33000862E8	7.330201640361901
1.39821419E8	3.8275078379159537
1.46641976E8	3.1019285571846242
1.53462533E8	5.031344551662199
1.6028309E8	2.48009806217225
1.67103647E8	4.434773510852831
1.73924204E8	5.360981863054149
1.80744761E8	4.5876918758142535
1.87565318E8	3.91721227784201
1.93064938E8	6.829219029252207
1.964752165E8	0.0
2.01206432E8	4.9997512566668165
2.08026989E8	2.5739089323247737
2.14847546E8	3.7733174779997647
2.21668103E8	4.11664321235141
2.2848866E8	3.0103770676730166
2.35309217E8	3.875717019488022
2.42129774E8	1.3733550125570508
2.48950331E8	2.486172458879771
2.55770888E8	6.134490710966627
2.62591445E8	3.4037616434062734
2.69412002E8	5.72336830679457
2.76232559E8	7.4177839658401865
2.83053116E8	3.512251160229741
2.89873673E8	4.514947747767068
2.9669423E8	4.321359135975023
3.03514787E8	0.9763261116617604
3.10335344E8	5.488315114265506
3.17155901E8	4.564580733637221
3.231256605E8	10.346116369032117
3.26535939E8	0.0
3.30797015E8	5.6029180243207675
3.37617572E8	2.96547539614531
3.44438129E8	4.703524674895699
3.51258686E8	4.505255109664966
3.58079243E8	3.4869458683635064
3.648998E8	2.6615318057121993
3.71720357E8	4.624799295122629
3.78540914E8	6.012491113074423
3.85361471E8	4.3772393974671715
3.92182028E8	8.962601729536939
3.99002585E8	6.1560058930486115
4.05823142E8	8.404653423368533
4.12643699E8	5.153640885724837
4.19464256E8	6.298629466576262
4.26284813E8	7.610276954858004
4.3310537E8	5.781917840226054
4.39925927E8	7.11255860253267
4.45497358E8	5.249682383628685
4.489076365E8	0.0
4.53567041E8	5.321241423401413
4.60387598E8	2.192380340698731
4.67208155E8	3.8668592254167122
4.74028712E8	3.7918973063705392
4.80849269E8	3.2517552808025885
4.87669826E8	1.0986463542205493
4.94490383E8	2.8505562095055805
5.0131094E8	2.911258360467684
5.08131497E8	3.1532867328976715
5.14952054E8	4.811345726294046
5.21772611E8	3.4950746041396954
5.28593168E8	3.6603638044680125
5.35413725E8	2.378221725897819
5.42234282E8	7.852190914135821
5.49054839E8	6.505774508730056
5.55875396E8	9.263643297156438
5.62695953E8	2.5556392758162594
5.669287495E8	5.841244917740867
5.70339028E8	6.5886668187322
5.76337067E8	3.1736875907509132
5.83157624E8	4.19624414615135
5.89978181E8	3.4164166481008684
5.96798738E8	3.570579985312337
6.03619295E8	4.471712347846055
6.10439852E8	1.5008630480939973
6.17260409E8	5.079568636160581
6.24080966E8	4.7346911348695215
6.30901523E8	4.783207887310332
6.3772208E8	3.505277557474464
6.44542637E8	3.5521863126107776
6.51363194E8	4.581132028406002
6.58183751E8	1.857318718358209
6.65004308E8	4.751405625299683
6.71824865E8	4.727642383738365
6.78645422E8	3.1362751036148704
6.853450715E8	2.995274295184723
6.8875535E8	0.0
6.92286536E8	2.093996874840845
6.99107093E8	1.3679982506253165
7.0592765E8	3.864743995325693
7.12748207E8	4.60278144293932
7.19568764E8	2.839364559963253
7.26389321E8	1.9912657894988652
7.33209878E8	4.856274916222707
7.40030435E8	9.15827130933497
7.46850992E8	9.064542223941352
7.53671549E8	5.12200560841607
7.60492106E8	5.199388157552666
7.67312663E8	5.0352773705691645
7.7413322E8	3.8240251079868885
7.80953777E8	3.1603557475273836
7.87774334E8	2.960035062580109
7.94594891E8	6.092972486979387
8.01415448E8	0.886262440196697
8.08236005E8	3.180392082516632
8.12710191E8	2.03485238855864
8.161204695E8	3.138035894440815
8.21877119E8	3.7504920859144657
8.28697676E8	4.289497137647523
8.35518233E8	0.6711328734168676
8.4233879E8	1.9879348860125488
8.49159347E8	3.64202560482991
8.55979904E8	2.750781417677925
8.62800461E8	1.76487149204927
8.69621018E8	4.5881289886889505
8.76441575E8	2.924454698471614
8.83262132E8	3.1390174102761588
8.90082689E8	9.940835231212723
8.96903246E8	5.214338702960453
9.03723803E8	3.3680561109807114
9.1054436E8	5.1206877828919275
9.15901344E8	7.7246145521713725
9.193116225E8	0.0
9.24185474E8	2.6219387612475598
9.31006031E8	3.9011437735127292
9.37826588E8	7.466885026365788
9.44647145E8	2.44850478064023
9.51467702E8	3.7370080159771133
9.58288259E8	1.61821655877811
9.65108816E8	4.36760776346137
9.71929373E8	4.38118343096748
9.7874993E8	3.002396179522227
9.85570487E8	2.9787362582778036
9.92391044E8	2.1838993172436636
9.99211601E8	2.4549127869382232
1.006032158E9	1.8619329678605214
1.012649727E9	3.215981002713553
1.0160600055E9	0.0
1.019673272E9	2.809950600320607
1.026493829E9	3.154788378156076
1.033314386E9	5.501140194839509
1.040134943E9	10.446140991598414
1.0469555E9	5.150105111953081
1.053776057E9	17.901747051953027
1.060596614E9	6.281410426630199
1.067417171E9	2.9472085496019917
1.074237728E9	9.977992197100486
1.081058285E9	2.9558423542314927
1.087878842E9	2.4830750271812483
1.094699399E9	5.391998945566652
1.101519956E9	3.21485511286292
1.1080409755E9	0.9778435265465469
1.111451254E9	0.0
1.11516107E9	5.003625284493907
1.121981627E9	4.096412693101386
1.128802184E9	2.094172503650242
1.135622741E9	2.0088758169383585
1.142443298E9	3.0630693742831743
1.149263855E9	4.987404772405039
1.156084412E9	3.2917282770794403
1.162904969E9	3.572713069563956
1.169725526E9	5.667504708892952
1.176546083E9	4.034543038028827
1.18336664E9	3.942234732809341
1.190187197E9	5.404513707436369
1.197007754E9	4.137433264504311
1.201145256E9	1.8116921095644105
1.2045555345E9	10.181193214362313
1.210648868E9	11.3266018688318
1.217469425E9	3.521977111197731
1.224289982E9	4.185039248054907
1.231110539E9	4.377906392786325
1.237931096E9	4.822190886542308
1.244751653E9	7.362737861278708
1.25157221E9	4.5200684376558184
1.258392767E9	4.107365652627242
1.2625477645E9	6.827409415075499
1.265958043E9	5.789145779307103
1.272033881E9	1.8891046333742667
1.278854438E9	2.4243444692848026
1.285674995E9	5.413857136418171
1.292495552E9	7.774095934313284
1.299316109E9	3.92043433951637
1.306136666E9	1.9405409817332964
1.312957223E9	3.3044960509144086
1.31977778E9	2.005987538618771
1.326598337E9	3.185473865116275
1.333418894E9	2.5759763151020096
1.340239451E9	3.307656540175291
1.347060008E9	4.883299391194297
1.353880565E9	5.880483022199311
1.360701122E9	1.4237392804734783
1.367521679E9	5.119645028691123
1.374342236E9	2.624558883836924
1.381162793E9	7.803181244487925
1.38798335E9	6.639296219031824
1.394803907E9	6.309608508331013
1.401624464E9	1.4743043987678475
1.408445021E9	2.7179515586338288
1.415265578E9	5.380473301979058
1.422086135E9	6.15599967312708
1.428906692E9	5.891829064090485
1.435727249E9	3.5780365180291316
1.442092514E9	6.50505314453879
1.4455027925E9	0.0
1.449368363E9	6.866966339367799
1.45618892E9	1.6224091965041316
1.463009477E9	5.618946489906524
1.469830034E9	1.4878418497948551
1.476650591E9	4.9019111105588635
1.483471148E9	6.932157077113696
1.490291705E9	7.063994088904177
1.497112262E9	4.646042888247045
1.503932819E9	3.5255772630928655
1.510753376E9	2.5509179000566755
1.517573933E9	3.3098363221656926
1.52439449E9	3.493549418746764
1.531215047E9	7.884867838101876
1.538035604E9	9.914205237784591
1.544856161E9	6.186634203289819
1.551676718E9	7.796203727510798
1.558497275E9	9.2351416338747
1.565317832E9	5.405048297021613
1.572138389E9	2.4600677581302794
1.578958946E9	1.2426721744721643
1.585779503E9	3.479219507347836
1.59260006E9	3.1706630496908055
1.599420617E9	2.6658175717913726
1.603811856E9	1.9269277535546034
1.6072221345E9	13.461324924665398
1.613061731E9	2.8284898109347947
1.619882288E9	4.6405171288387566
1.626702845E9	7.582022110596269
1.633523402E9	5.473842068236311
1.640343959E9	7.1189153946569315
1.647164516E9	7.026205962737428
1.653985073E9	3.25597892167586
1.66080563E9	4.576833421269725
1.667626187E9	3.954324273905923
1.674446744E9	2.8365150017926943
1.681267301E9	0.9705962058175717
1.688087858E9	3.3962308843803126
1.694908415E9	2.745376716780473
1.701728972E9	3.4519683265522234
1.708549529E9	3.1485785164441524
1.715370086E9	3.4322850601973474
1.722190643E9	4.996212057133935
1.7290112E9	8.322653089788595
1.735831757E9	7.235845894585739
1.742652314E9	5.894566317454636
1.749472871E9	3.8563811003395925
1.756293428E9	4.753245113147764
1.7606786045E9	6.40050776126369
1.764088883E9	7.944638295523274
1.769934542E9	2.5623388108021015
1.776755099E9	3.32779726122175
1.783575656E9	3.0385668338846528
1.790396213E9	2.6871872889387713
1.79721677E9	4.986791774744072
1.804037327E9	4.063640774154541
1.810857884E9	2.4368593756608155
1.817678441E9	3.646775914196278
1.824498998E9	4.422242387162852
1.831319555E9	2.7241084318173865
1.838140112E9	5.916805697674303
1.844960669E9	1.2258517688731487
1.851781226E9	4.336066145965129
1.858601783E9	5.665724294384067
1.86542234E9	3.2223618671614984
1.872242897E9	6.366971223864133
1.879063454E9	6.389423786327546
1.885884011E9	5.967011623559941
1.892704568E9	2.9339675570023864
1.899525125E9	5.29730880738506
1.906345682E9	7.04507924755704
1.911583806E9	4.500415732474949
1.9149940845E9	2.93354078684152
1.919986796E9	3.9548744357510843
1.926807353E9	4.85321818164381
1.93362791E9	1.6598312801241286
1.940448467E9	4.038162490916311
1.947269024E9	2.906613778372946
1.954089581E9	6.530120169859549
1.960910138E9	2.243721121902951
1.967730695E9	4.851714897083668
1.974551252E9	2.596472132547055
1.981371809E9	6.939161354200939
1.988192366E9	2.4249949591507036
1.995012923E9	7.139965256596867
2.00183348E9	5.490022455101739
2.008654037E9	4.844627816535215
2.015474594E9	2.4881035902048034
2.022295151E9	1.763314206687545
2.029115708E9	4.081083911164827
2.035936265E9	8.256674070897434
2.042756822E9	6.601997631017387
2.049577379E9	5.4721793843364015
2.056397936E9	6.306676126645274
2.061403955E9	4.65018244715164
2.0648142335E9	8.565502885500946
2.07003905E9	11.759264245776466
2.076859607E9	9.994441666515232
2.083680164E9	10.359518309887642
2.090500721E9	9.087266154815886
2.097321278E9	6.1786266739748354
2.104141835E9	11.3776407486719
2.110962392E9	5.7812484610704775
2.117782949E9	2.8084341283266507
2.124603506E9	2.74092659157058
2.131424063E9	3.560818825573082
2.13824462E9	4.024192159936587
2.145065177E9	5.997856654354125
2.151885734E9	1.217091016785292
2.158706291E9	3.2816441459901755
2.165526848E9	5.552501846147243
2.172347405E9	6.050030701469936
2.179167962E9	4.975132809583872
2.185988519E9	3.8910143899918244
2.192809076E9	8.826031479248993
2.199629633E9	4.017624304193028
2.2055174015E9	7.590261245855085
2.20892768E9	0.0
2.213270747E9	12.942812614026343
2.220091304E9	5.165886550566943
2.226911861E9	0.4882957682779477
2.233732418E9	7.103866574875337
2.240552975E9	5.02536075093894
2.247373532E9	2.8090705889296075
2.254194089E9	6.564874223490095
2.261014646E9	1.2541062222317907
2.267835203E9	4.220787414180533
2.27465576E9	1.8515240851619923
2.281476317E9	8.681792304060117
2.288296874E9	3.4300429998222755
2.295117431E9	5.763194871423226
2.301937988E9	4.207152457829097
2.308758545E9	1.2483087839846192
2.315579102E9	8.797636881742054
2.322399659E9	3.8672760898342657
2.329220216E9	4.562959594495268
2.33537654E9	6.163687505610766
2.3387868185E9	0.0
2.34286133E9	3.7234343135120436
2.349681887E9	8.967931274647142
2.356502444E9	8.960215445084652
2.363323001E9	5.058567943570111
2.370143558E9	2.3700561730208407
2.376964115E9	5.578163781427592
2.383784672E9	5.339726992987263
2.390605229E9	4.002796616404821
2.397425786E9	4.645853732120996
2.404246343E9	5.151881370937093
2.4110669E9	4.4176652401989465
2.417887457E9	6.952406135986644
2.424708014E9	3.3975290778032092
2.431528571E9	6.650025646741987
2.438349128E9	4.067924362191281
2.445169685E9	6.331096807478618
2.451990242E9	6.796953016305208
2.458810799E9	7.127454243421462
2.4623516815E9	33.87363433956403
2.462490435E9	30.222175862279514
2.4657701095E9	8.760076085917127
2.472451913E9	2.702440949408121
2.47927247E9	2.796971048001433
2.486093027E9	7.041665804347734
2.492913584E9	1.7439825113729959
2.499734141E9	5.348721047555174
2.506554698E9	4.857984493587174
2.513375255E9	3.7672155883506395
2.520195812E9	5.248799481327002
2.527016369E9	11.03201303961102
2.533836926E9	8.437473620847786
2.540657483E9	3.7812473666527384
2.54747804E9	1.6104776840325026
2.554298597E9	5.830045046238269
2.561119154E9	7.486514474468167
2.567939711E9	6.76433704501827
2.574760268E9	4.313061939078795
2.581580825E9	4.1677552092162164
2.588401382E9	0.7225191459601558
2.595221939E9	12.557584977149311
2.602042496E9	4.011288708765738
2.608863053E9	7.212157069676437
2.61568361E9	7.0188776030526885
2.622504167E9	3.5311749381930095
2.628944811E9	3.8091248076795288
2.6323550895E9	1.951111111111111
2.636145281E9	8.404387482689271
2.642965838E9	0.8624446384120519
2.649786395E9	0.5780805905875115
2.656606952E9	1.2938622627053715
2.663427509E9	0.3703961084086171
2.670248066E9	0.9924250561054613
2.677068623E9	2.2264108224373125
2.68388918E9	0.13817952251537852
2.690709737E9	0.613142021568269
2.697530294E9	1.6189286705523176
2.704350851E9	0.6282313022974955
2.711171408E9	1.1350023481810627
2.717991965E9	0.8813197212583522
2.7224166935E9	0.25649277702474155
2.7239076495E9	0.9424103737604882
2.724663707E9	3.725900914847781
2.725073196E9	0.7627118644067796
2.725324001E9	0.7972941720629048
2.725548349E9	0.3472021295063943
2.7257547175E9	3.4274941995359627
2.7259572895E9	0.7201006174251087
2.72615497E9	0.9366666666666666
2.726345061E9	0.8825836820083682
2.726528329E9	35.37408759124087
2.7267074865E9	0.8642765685019206
2.726880333E9	0.44798301486199577
2.727044245E9	1.0
2.7272012135E9	1.0
2.7273559415E9	1.0105061737309553
2.7274899765E9	5.266587911006104
2.727583395E9	0.9246256448974456
2.727643124E9	0.7981832543443917
2.727687689E9	1.0
2.7277287455E9	0.0
2.727768103E9	1.0
2.7278050525E9	8.301003344481606
2.7278385245E9	1.0
2.7278701775E9	12.711871943085816
2.727901543E9	25.20629819616304
2.7279314935E9	0.0
2.7279602115E9	0.7389162561576355
2.7279879255E9	20.633235417540917
2.728014243E9	0.0
2.728039521E9	0.0
2.7280641975E9	0.0
2.728088693E9	0.0
2.728112669E9	0.0
2.7281360625E9	0.9316982962468926
2.7281591285E9	1.0
2.7281812355E9	1.0
2.7282019595E9	0.7679180887372014
2.7282162695E9	16.266454477582617
2.7282214635E9	20.756929637526653
