#Position (bp)	mapping quality
3410279.0	3.7262412677210395
1.0230836E7	3.1904672134018046
1.7051393E7	3.425173754313381
2.387195E7	2.087427100805228
3.0692507E7	3.322386809731697
3.7513064E7	6.7054485611844346
4.4333621E7	5.722012059169481
5.1154178E7	4.471167993685381
5.7974735E7	6.163403710221949
6.4795292E7	4.463246926951476
7.1615849E7	6.583969469747901
7.8436406E7	9.840247732138522
8.5256963E7	4.909937949132586
9.207752E7	5.525218591597452
9.8898077E7	2.642452964511868
1.05718634E8	5.5637705849321115
1.12539191E8	1.9923527991761827
1.19359748E8	4.529680868579808
1.26180305E8	2.3567007799679995
1.33000862E8	7.9742077686578865
1.39821419E8	3.0939973767146265
1.46641976E8	6.017416049398755
1.53462533E8	4.949184346807467
1.6028309E8	2.9957177296029984
1.67103647E8	3.079440181092032
1.73924204E8	6.231986412119016
1.80744761E8	6.517060454355738
1.87565318E8	3.90368217876384
1.93064938E8	5.02204102387376
1.964752165E8	0.0
2.01206432E8	5.345969322782646
2.08026989E8	3.183424620542861
2.14847546E8	5.336096289737927
2.21668103E8	3.1897686600849053
2.2848866E8	3.4259193594862354
2.35309217E8	3.8066106183752546
2.42129774E8	1.9872609337637308
2.48950331E8	5.736286582789458
2.55770888E8	8.296218574576555
2.62591445E8	4.548398889811584
2.69412002E8	5.9551596456556615
2.76232559E8	13.06693441772406
2.83053116E8	2.9146057933987097
2.89873673E8	5.206622923155021
2.9669423E8	6.120633984438901
3.03514787E8	0.9490409740925421
3.10335344E8	5.055549458908625
3.17155901E8	3.4459058070380353
3.231256605E8	12.384944353325782
3.26535939E8	0.0
3.30797015E8	6.414144707163904
3.37617572E8	3.7638279389177622
3.44438129E8	5.272783293683546
3.51258686E8	4.545484727713134
3.58079243E8	4.310102408029911
3.648998E8	2.8055611983818114
3.71720357E8	3.7557963180752374
3.78540914E8	7.122407655468689
3.85361471E8	5.819412577818745
3.92182028E8	11.12087162449272
3.99002585E8	5.355691934256484
4.05823142E8	9.61599467680854
4.12643699E8	4.824462361738981
4.19464256E8	5.591986040531165
4.26284813E8	7.537969786878695
4.3310537E8	5.962142108553865
4.39925927E8	7.286159272614979
4.45497358E8	5.690619979796462
4.489076365E8	0.0
4.53567041E8	4.757137597930733
4.60387598E8	2.0903972335584897
4.67208155E8	4.184063254867927
4.74028712E8	2.880959874756044
4.80849269E8	3.781403204390784
4.87669826E8	1.2216024633920772
4.94490383E8	3.0155206648760875
5.0131094E8	3.401186380570435
5.08131497E8	5.475724221127997
5.14952054E8	5.628432763563513
5.21772611E8	3.630582455730043
5.28593168E8	3.9814783141203027
5.35413725E8	3.1330738266481344
5.42234282E8	7.793180832945391
5.49054839E8	6.995764794881954
5.55875396E8	8.708719098669027
5.62695953E8	2.9089465145014692
5.669287495E8	4.9174320321044425
5.70339028E8	10.036463579315276
5.76337067E8	3.158461744821118
5.83157624E8	4.587508011088926
5.89978181E8	4.000335892269095
5.96798738E8	4.966297161062256
6.03619295E8	6.222444967594944
6.10439852E8	2.6366096746676715
6.17260409E8	6.119852311460599
6.24080966E8	4.4024473481776765
6.30901523E8	6.661710746279692
6.3772208E8	3.9407160528950143
6.44542637E8	5.5755104325182785
6.51363194E8	3.2059827005480788
6.58183751E8	2.380528254992042
6.65004308E8	6.544583275678791
6.71824865E8	4.997045216043902
6.78645422E8	3.34563122600518
6.853450715E8	2.9210476964173604
6.8875535E8	0.0
6.92286536E8	0.9783228716619623
6.99107093E8	1.378412841837807
7.0592765E8	4.71810223843271
7.12748207E8	3.817808248999954
7.19568764E8	3.650562175718766
7.26389321E8	2.2921599317594823
7.33209878E8	5.874708264497492
7.40030435E8	8.45439252242715
7.46850992E8	10.397230591074816
7.53671549E8	6.893604454269649
7.60492106E8	6.395605457522037
7.67312663E8	4.7126805361339335
7.7413322E8	5.437980943670679
7.80953777E8	2.409339743370662
7.87774334E8	4.475364569211637
7.94594891E8	6.677025872368569
8.01415448E8	1.5439259701294388
8.08236005E8	3.841256735074505
8.12710191E8	3.6367708658263123
8.161204695E8	2.693235269904529
8.21877119E8	5.497322289225923
8.28697676E8	3.9751766767480357
8.35518233E8	1.9048444189059173
8.4233879E8	1.662790949216095
8.49159347E8	3.4760851006451996
8.55979904E8	1.9897825042079273
8.62800461E8	2.9494720189629384
8.69621018E8	5.227253608929555
8.76441575E8	3.0283054922965356
8.83262132E8	2.4236735086864165
8.90082689E8	11.963182856950391
8.96903246E8	6.249108157131502
9.03723803E8	4.767904101237695
9.1054436E8	5.705380304308248
9.15901344E8	9.261102728349499
9.193116225E8	0.0
9.24185474E8	2.090986543249733
9.31006031E8	4.876820370157946
9.37826588E8	9.254418801840618
9.44647145E8	1.4978970846828306
9.51467702E8	4.268605917557859
9.58288259E8	1.6549430257921964
9.65108816E8	6.359112322683685
9.71929373E8	3.2540134305925053
9.7874993E8	4.7351539821173905
9.85570487E8	2.1444557364960026
9.92391044E8	2.54250285385641
9.99211601E8	3.08023532983115
1.006032158E9	1.8421294538264696
1.012649727E9	3.8220838277623788
1.0160600055E9	0.0
1.019673272E9	4.112868604222381
1.026493829E9	3.2116810250152823
1.033314386E9	5.585527452877743
1.040134943E9	12.977775610754563
1.0469555E9	5.518111488214211
1.053776057E9	26.06013373964974
1.060596614E9	9.244615973766898
1.067417171E9	3.37032364730638
1.074237728E9	11.968665604063537
1.081058285E9	3.482899759093085
1.087878842E9	2.1328067921702325
1.094699399E9	5.8581520116747505
1.101519956E9	2.971172057643107
1.1080409755E9	0.8900547032198686
1.111451254E9	0.0
1.11516107E9	6.791286037405887
1.121981627E9	3.6710651937030367
1.128802184E9	3.7538500061484714
1.135622741E9	1.658522591666065
1.142443298E9	4.878094297557555
1.149263855E9	6.150690080162835
1.156084412E9	2.69804453693848
1.162904969E9	3.1073046804163993
1.169725526E9	4.38017996706505
1.176546083E9	3.7629990409688387
1.18336664E9	3.3015769768734584
1.190187197E9	5.3631581546578815
1.197007754E9	4.168036476835791
1.201145256E9	1.6782601274026794
1.2045555345E9	13.031696855033761
1.210648868E9	10.702762070763557
1.217469425E9	4.578250058541305
1.224289982E9	3.940022364816691
1.231110539E9	3.993476519141942
1.237931096E9	5.968001535232978
1.244751653E9	8.647893354737993
1.25157221E9	4.9588939554991
1.258392767E9	3.1409229009192634
1.2625477645E9	7.6894997230307105
1.265958043E9	6.156212728654426
1.272033881E9	2.2446406744035685
1.278854438E9	4.058200939294213
1.285674995E9	5.582468129999836
1.292495552E9	8.23405898257684
1.299316109E9	4.070191876735732
1.306136666E9	2.8250551217714306
1.312957223E9	3.116867461343583
1.31977778E9	2.2402608461374562
1.326598337E9	3.1776580772300393
1.333418894E9	2.5690766334613393
1.340239451E9	3.266518657290254
1.347060008E9	6.373580496126644
1.353880565E9	7.197736889605589
1.360701122E9	2.245820444253766
1.367521679E9	5.19433575038011
1.374342236E9	2.2674275005603115
1.381162793E9	8.12625016579307
1.38798335E9	6.94586092788896
1.394803907E9	7.901149233550877
1.401624464E9	1.3712058217662537
1.408445021E9	2.061403154041766
1.415265578E9	5.565716711358247
1.422086135E9	6.291335655629771
1.428906692E9	6.697491752928945
1.435727249E9	4.778426013131543
1.442092514E9	6.762525285090667
1.4455027925E9	0.0
1.449368363E9	10.662085233068465
1.45618892E9	1.43096520089919
1.463009477E9	9.207445564874028
1.469830034E9	1.997823311562198
1.476650591E9	4.073883850543992
1.483471148E9	7.053942539706495
1.490291705E9	6.031538003264082
1.497112262E9	4.850068939714687
1.503932819E9	3.7901052780657207
1.510753376E9	3.116084135973859
1.517573933E9	4.101417134741298
1.52439449E9	3.2058913338409627
1.531215047E9	8.332961980256473
1.538035604E9	11.525614123768156
1.544856161E9	6.98892384579812
1.551676718E9	10.096450031962956
1.558497275E9	6.056336915891365
1.565317832E9	6.340802477796857
1.572138389E9	2.604578602834799
1.578958946E9	1.6428868382450412
1.585779503E9	4.18271279674242
1.59260006E9	3.8581732669223676
1.599420617E9	1.690668991525012
1.603811856E9	2.570007110655715
1.6072221345E9	13.152919734541003
1.613061731E9	2.3976693340406006
1.619882288E9	4.609782095282587
1.626702845E9	8.447497974553308
1.633523402E9	3.042090090483949
1.640343959E9	7.2249731113556015
1.647164516E9	8.013224136675829
1.653985073E9	2.476899688971474
1.66080563E9	6.312570133326162
1.667626187E9	5.922224647157435
1.674446744E9	2.1934850697466306
1.681267301E9	0.941549813867279
1.688087858E9	3.7288425632157947
1.694908415E9	3.613364648273566
1.701728972E9	4.7502234013519
1.708549529E9	2.7531809583344753
1.715370086E9	3.4225195406795743
1.722190643E9	5.9584496906268525
1.7290112E9	9.149958232914452
1.735831757E9	8.06982130091685
1.742652314E9	7.134826146947905
1.749472871E9	6.203754187375788
1.756293428E9	5.709337272755101
1.7606786045E9	6.66303339865033
1.764088883E9	8.907620299034495
1.769934542E9	1.8196341995193375
1.776755099E9	3.0012047850645485
1.783575656E9	3.922980174781361
1.790396213E9	3.610993950062496
1.79721677E9	5.8996800558100615
1.804037327E9	2.668442685095824
1.810857884E9	4.924284862773666
1.817678441E9	4.377537965155514
1.824498998E9	5.464779698762288
1.831319555E9	3.385044723217749
1.838140112E9	6.2806351833613565
1.844960669E9	1.2333924393598195
1.851781226E9	4.768819554347888
1.858601783E9	6.30076273465391
1.86542234E9	4.107367882637881
1.872242897E9	6.552094119711488
1.879063454E9	6.773676146806723
1.885884011E9	6.742398608981597
1.892704568E9	4.633531260009664
1.899525125E9	4.534510535511126
1.906345682E9	8.145373460749617
1.911583806E9	5.7481155035684806
1.9149940845E9	0.9565217391304348
1.919986796E9	2.686986542525616
1.926807353E9	3.775221413684283
1.93362791E9	1.8939006280401396
1.940448467E9	3.530174830330511
1.947269024E9	2.232757813601367
1.954089581E9	7.404095043625777
1.960910138E9	2.726442604232288
1.967730695E9	5.656312867305442
1.974551252E9	1.0419568163778368
1.981371809E9	7.31921304450351
1.988192366E9	1.668387355552965
1.995012923E9	6.590809097608377
2.00183348E9	4.638077558294513
2.008654037E9	3.949660650544581
2.015474594E9	2.6451737643833297
2.022295151E9	2.0513017641655407
2.029115708E9	4.660026846724846
2.035936265E9	9.853596289477538
2.042756822E9	8.797522653033793
2.049577379E9	6.330469065834519
2.056397936E9	6.003954186465013
2.061403955E9	5.097475629892206
2.0648142335E9	8.799530025643088
2.07003905E9	12.904009354845403
2.076859607E9	12.618066764498211
2.083680164E9	12.54630645877108
2.090500721E9	9.472511402536782
2.097321278E9	6.041305192351529
2.104141835E9	14.462347524048875
2.110962392E9	8.017666223602431
2.117782949E9	2.0552695779318446
2.124603506E9	3.8907499245013555
2.131424063E9	4.054691630050445
2.13824462E9	3.2421497772917847
2.145065177E9	6.32577730558932
2.151885734E9	1.3754930871022988
2.158706291E9	4.061451346971159
2.165526848E9	6.504254012905395
2.172347405E9	5.703882781371785
2.179167962E9	5.555992119662009
2.185988519E9	5.038418573932794
2.192809076E9	10.809474732966896
2.199629633E9	5.477018420073848
2.2055174015E9	0.901207633688729
2.20892768E9	0.0
2.213270747E9	16.221088380051462
2.220091304E9	4.853270305839858
2.226911861E9	1.2356627751120446
2.233732418E9	8.392099733120187
2.240552975E9	5.707250009925114
2.247373532E9	3.6712323145927246
2.254194089E9	6.234882888736197
2.261014646E9	3.7844702771805827
2.267835203E9	3.7953296382407653
2.27465576E9	2.8074696874730307
2.281476317E9	8.63214535868081
2.288296874E9	4.471606049044505
2.295117431E9	6.476083865496331
2.301937988E9	4.335170936300016
2.308758545E9	1.4425210274618065
2.315579102E9	9.767903974116633
2.322399659E9	4.992784816731292
2.329220216E9	5.116245329615758
2.33537654E9	6.358489289747826
2.3387868185E9	0.0
2.34286133E9	4.72820383941018
2.349681887E9	6.503457849158299
2.356502444E9	10.140814095707546
2.363323001E9	6.714169395550144
2.370143558E9	2.6476994267871907
2.376964115E9	6.660008787567487
2.383784672E9	5.8691358446017965
2.390605229E9	5.096881319565141
2.397425786E9	6.014765145078587
2.404246343E9	6.611588979062785
2.4110669E9	5.453635676907183
2.417887457E9	7.716332433932741
2.424708014E9	3.620977410616556
2.431528571E9	8.249907368451503
2.438349128E9	4.500910142066887
2.445169685E9	6.753073383810686
2.451990242E9	5.170589824259062
2.458810799E9	7.6724619913133045
2.4623516815E9	32.806007226738934
2.462490435E9	30.30976643299819
2.4657701095E9	12.00248356591436
2.472451913E9	5.764313383676566
2.47927247E9	2.8479122642161765
2.486093027E9	7.706607396031451
2.492913584E9	1.5515096732414129
2.499734141E9	5.105002353814123
2.506554698E9	5.920037306468358
2.513375255E9	3.8761281913058854
2.520195812E9	5.212408758905568
2.527016369E9	17.54910833011119
2.533836926E9	10.097174023041884
2.540657483E9	5.328043309281525
2.54747804E9	1.644850391669675
2.554298597E9	6.023411150119696
2.561119154E9	9.152438429297238
2.567939711E9	8.385535082279244
2.574760268E9	5.315682773306219
2.581580825E9	2.873888897519146
2.588401382E9	1.704871431221836
2.595221939E9	14.490422363546607
2.602042496E9	4.809549661117212
2.608863053E9	7.63392494588217
2.61568361E9	8.132428880117692
2.622504167E9	3.3678953184256937
2.628944811E9	4.766786426956743
2.6323550895E9	3.649558755225267
2.636145281E9	6.131140195317576
2.642965838E9	1.6000072508429104
2.649786395E9	1.3183817318614743
2.656606952E9	1.303703211222658
2.663427509E9	1.243394957203498
2.670248066E9	1.120017171131412
2.677068623E9	1.174065641139557
2.68388918E9	0.11602025219717234
2.690709737E9	0.6504897309868097
2.697530294E9	0.85108153078203
2.704350851E9	0.28500875757314725
2.711171408E9	0.1792135775499916
2.717991965E9	0.3093700276358764
2.7224166935E9	0.21359366846784064
2.7239076495E9	0.9051249470563321
2.724663707E9	10.834698579688364
2.725073196E9	1.0
2.725324001E9	1.473875791006328
2.725548349E9	0.4303204601479047
2.7257547175E9	0.6351637991986802
2.7259572895E9	0.6550651370795255
2.72615497E9	0.8328380386329867
2.726345061E9	0.9183451279259662
2.726528329E9	48.45633258137286
2.7267074865E9	1.0
2.726880333E9	0.38601152761313
2.727044245E9	1.0
2.7272012135E9	1.0
2.7273559415E9	1.1708123340378258
2.7274899765E9	6.265646464723985
2.727583395E9	0.9544306355461251
2.727643124E9	0.26547052361772244
2.727687689E9	1.0
2.7277287455E9	0.5
2.727768103E9	1.0
2.7278050525E9	7.5652818991097925
2.7278385245E9	1.0
2.7278701775E9	16.538522012578618
2.727901543E9	17.735538949130106
2.7279314935E9	0.0
2.7279602115E9	1.0
2.7279879255E9	14.69248291571754
2.728014243E9	0.0
2.728039521E9	0.0
2.7280641975E9	0.0
2.728088693E9	0.0
2.728112669E9	0.0
2.7281360625E9	1.4462985598129352
2.7281591285E9	1.0
2.7281812355E9	1.0
2.7282019595E9	1.0
2.7282162695E9	22.232321234299278
2.7282214635E9	16.5433362197906
